1 5 571
2 184 620 763
3 117 119 122 279 716
4 16 97 455 617
5 1 733
6 100 575 588 589
7 756
8 104 186 188
9 111 113
10 13 112
11 281
12 562 565
13 10 106 112 114
14 193 195 772
15 593
16 4 120 194 453 629
17 123 190
18 128 202 715
19 23 27 127 717
20 146
21 51 628 749 750
22 32 203 618 748
23 19 127
24 557 720
25 140 613
26 205 718
27 19 717
28 206 753
29 133 135 611
30 519
31 36 38
32 22 51 468 618 748 749 750
33 34 764
34 33 124 752 764
35 37 541 641
36 31 38 702
37 35 541 641 701 760
38 31 36 425
39 218
40 43 219 220 548
41 489 513
42 44 532 666
43 40 57 219 220 548
44 42 108 668
45 110 353
46 47 48 49 549
47 46 48 49 82 415 549
48 46 47 49 415 549
49 46 47 48 415 549
50 234
51 21 32 618 628 748 749 750
52 58 240 599 602
53 256
54 55 422 524 630 633
55 54 56 630
56 55
57 43 608
58 52 240 599 602 810
59 61 535 638
60 66 251
61 59 535
62 758 759
63 257 610 665 754
64 66 251
65 239 609 612
66 60 64 251
68 254 761
69 145
70 538
71 87
72 73 96 540 574
73 72
74 81 270 438 587
75 77 92 645
76 141 143 577
77 75
78 267 546 647
79 80 229
80 79
81 74 270 438
82 47 549 649
83 268 551
84 142 450
85 86 282 283 460 553 554
86 85 282 553 554
87 71
88 589
89 91
90 512 560 563 719
91 89 478
92 75 645 663
93 180 591
94 594
95 183 595
96 72 540 574 698
97 4 455 617
98 146 418 419
99 100 102 677 681
100 6 99 575 588 677
101 622
102 99 140 613 681
104 8 428
105 190 421
106 13 112 114 462
107 488
108 44 265 668
109 110 724
110 45 109 732
111 9 113 485
112 10 13 106 114
113 9 111 485
114 13 106 112
115 426
116 196 729
117 3 119 122 405 567
119 3 117 122
120 16 121 453 604 629
121 120 604 629
122 3 117 119
123 17
124 34 506
126 601 603
127 19 23
128 18
129 132 607
130 131
131 130
132 129 607 625
133 29 135 611
134 138 683
135 29 133 611
136 825
137 684
138 134 683
139 558
140 25 102 613
141 76 143
142 84
143 76 141 414
144 448 449 598
145 69
146 20 98
147 148 199 202 715 794
148 147 153 202
149 389
150 154 156 396 737
151 359 360 804
152 161 166 174
153 148
154 150 389 820
155 703 704
156 150 396 737
157 164 181 391 393 583
158 160 200 271 742
159 330 335 741
160 158 200 271 742 868
161 152 166
162 336 719 853
163 283
164 157 401
165 337 339
166 152 161
167 344 716 845
168 170 530 788 814 815
169 172 280 691 831
170 168 278 814 815
171 743 863 866
172 169 280 284 295 831
174 152 176 384
175 176 379 725 818
176 174 175 384 725 818
178 298 700 848
179 181 293
180 93 255
181 157 179 391 393
182 349 697 834
183 95 712
184 2 670 827
185 314
186 8 188
187 211 212
188 8 186 753
189 798
190 17 105
192 421
193 14 195 772
194 16 197 363
195 14 193 772
196 116 729
197 194 363 388 403 656
198 752 839
199 147 202 274 715 747
200 158 160 214 271 868
201 723 842
202 18 147 148 199 715
203 22 368
204 381
205 26 369
206 28
208 209
209 208 755 757
210 222 768
211 187 212 657
212 187 211 657
213 290 744
214 200 731 868
215 223 225 382
216 217
217 216 644
218 39 375
219 40 43 220 548
220 40 43 219 380 548
221 224
222 210 228 768
223 215 225 382 671 682
224 221
225 215 223 382 682 816
226 254 547 707
227 248 533 537
228 222 664 770
229 79 230 642 643
230 229 642 643
231 660 662
232 524
233 699
234 50
235 238 262 688
236 769
237 243 260
238 235 262 688
239 65 241 354 612
240 52 58 659
241 239
242 245
243 237 550 692
245 242
246 387
247 250
248 227 533 537
249 252 253 397 399
250 247 766
251 60 64 66 632
252 249 253 385 397 399 685
253 249 252 385 397 685 686
254 68 226 761
255 180 710
256 53 671 682
257 63 665 667 846
258 356
259 324 383 678 713
260 237
261 705
262 235 238 688
263 264 355 727
264 263 355 706
265 108 545
267 78 546
268 83 269
269 268
270 74 81 587 739
271 158 160 200 742
272 551
273 276 724 732
274 199 592 747
276 273 338 724 732 836
277 378 527 687
278 170
279 3 716
280 169 172 284
281 11
282 85 86 283 553 554
283 85 163 282 553
284 172 280 634 741
285 286 534 536 693
286 285 534
287 288 409
288 287 564
289 695 835
290 213 353
291 292 567 704
292 291 703 704
293 179
294 295 436 831
295 172 294 436 831
296 438 827
297 319 378
298 178 848
299 304 380 843
300 302 349 442 443
301 382 682 816
302 300 442 443
303 304 312 453
304 299 303 312 451
305 337 834
306 384
307 823
308 419
309 449 819
310 387 416
311 751
312 303 304 451 453 455
313 457 841
314 185
315 357 446
316 461 832
317 826
318 319
319 297 318
320 840
322 399 466 468 838
323 562 822
324 259 383
325 402
326 332 406
327 775 825
328 478 655 839
329 658
330 159 335
331 333 774 849
332 326 333 406
333 331 332 849
334 340
335 159 330 741
336 162 486 850 853
337 165 305 339
338 276 836
339 165 337 346
340 334 372
341 669 776 779
343 869
344 167 716
346 339
347 830
348 859
349 182 300 834
350 867
352 494 786
353 45 290
354 239
355 263 264
356 258 357 503
357 315 356 701
358 780
359 151 360 804
360 151 359 510 804
361 688 802
362 800
363 194 197 371 388 783
364 507
365 498 801 805
366 720 864
367 773
368 203
369 205 372 479
370 784 862
371 363 388 656
372 340 369
374 375 522
375 218 374 522
376 377 817
377 376 817
378 277 297 687
379 175 519 775
380 220 299 387 708 843
381 204
382 215 223 225 301 682 816
383 259 324 678
384 174 176 306 818
385 252 253 397 685 686
386 392 689
387 246 310 380 708
388 197 363 371 403 656
389 149 154 811 813 820
390 392 528 833
391 157 181 393
392 386 390 689
393 157 181 391
394 759
396 150 156 737 841
397 249 252 253 385 399 685
398 400 756 773
399 249 252 322 397 838
400 398
401 164 514 809
402 325
403 197 388 656
405 117 498 567
406 326 332
407 555
408 409 504
409 287 408 504
410 510 626
411 481
412 564
413 483
414 143 505
415 47 48 49
416 310
417 513
418 98 419 522
419 98 308 418
420 677 681
421 105 192
422 54 630 633
423 424 514
424 423 514
425 38
426 115
427 434
428 104 503
429 520 521 788
432 592 773
433 435
434 427
435 433
436 294 295
438 74 81 296
441 519 545
442 300 302 443
443 300 302 442
446 315
447 612
448 144 449 598
449 144 309 448 598
450 84
451 304 312 453 455 629
452 454
453 16 120 303 312 451 455 629
454 452
455 4 97 312 451 453 617
456 645
457 313
458 459 542 543
459 458 542 543
460 85
461 316
462 106 464
463 636
464 462
466 322 468 618
467 469
468 32 322 466 618 838
469 467
471 473 523
472 628
473 471 517 523
474 516 785
476 791
477 652 858
478 91 328
479 369
481 411 532
483 413 802
484 600 606
485 111 113 781 784
486 336
488 107
489 41
491 782 866
492 647
494 352 509 786
496 793 794 795
498 365 405
499 792 870
500 502 506 796
502 500 796
503 356 428
504 408 409
505 414
506 124 500
507 364 509
508 837
509 494 507 786
510 360 410
511 518 777
512 90 783
513 41 417
514 401 423 424 809
515 621
516 474 785
517 473
518 511 520 610 814 815
519 30 379 441
520 429 518 521 788 814 815
521 429 520 788 815
522 374 375 418
523 471 473 581
524 54 232 633
525 576 595
526 544
527 277 552 654 687
528 390 529 631
529 528 631
530 168
532 42 481
533 227 248 535 537 638
534 285 286 536 693
535 59 61 533 638
536 285 534 693 696
537 227 248 533 638
538 70
540 72 96 574 698 700
541 35 37 641 701 760
542 458 459 543
543 458 459 542
544 526
545 265 441
546 78 267 647
547 226 707
548 40 43 219 220
549 46 47 48 49 82 649
550 243 692
551 83 272
552 527 639 654 687 714
553 85 86 282 283 554
554 85 86 282 553
555 407
556 559 663
557 24 720 771
558 139
559 556
560 90 719
561 562
562 12 323 561 565
563 90 719
564 288 412
565 12 562
566 617 730
567 117 291 405
570 790
571 1 572 734 735
572 571 734 735
573 737
574 72 96 540 698
575 6 100 588 589 677
576 525 579
577 76 578 585 586
578 577 585 586
579 576
580 737
581 523
582 584
583 157
584 582 615
585 577 578 586 590
586 577 578 585 590
587 74 270 739
588 6 100 575 589
589 6 88 575 588
590 585 586 741
591 93
592 274 432 747
593 15
594 94
595 95 525
596 597 604
597 596 604
598 144 448 449
599 52 58 602 810
600 484 606 803
601 126 603
602 52 58 599 810
603 126 601
604 120 121 596 597 629
606 484 600
607 129 132 625
608 57
609 65 612
610 63 518 754
611 29 133 135
612 65 239 447 609
613 25 102 140
614 769
615 584
616 619 765
617 4 97 455 566 730
618 22 32 51 466 468 748
619 616 765
620 2 763
621 515
622 101 767
623 768
625 132 607
626 410
628 21 51 472
629 16 120 121 451 453 604
630 54 55 422 633
631 528 529
632 251
633 54 422 524 630
634 284 637
636 463
637 634
638 59 533 535 537
639 552 654
641 35 37 541 760
642 229 230 643
643 229 230 642
644 217
645 75 92 456 663
646 648 650 799
647 78 492 546
648 646 650
649 82 549
650 646 648
652 477
654 527 552 639
655 328 764 839
656 197 371 388 403
657 211 212 662
658 329
659 240 810 837
660 231 808
662 231 657
663 92 556 645
664 228
665 63 257 667 754 846
666 42 668 851
667 257 665 846
668 44 108 666 851
669 341
670 184 675 827
671 223 256 682
672 676
673 674 771
674 673 771
675 670 763 827 855 856
676 672 680 762
677 99 100 420 575 681
678 259 383
679 767
680 676 762
681 99 102 420 677
682 223 225 256 301 382 671 816
683 134 138
684 137 726
685 252 253 385 397 686
686 253 385 685 819
687 277 378 527 552
688 235 238 262 361
689 386 392
691 169 695 829
692 243 550 832
693 285 534 536 696
695 289 691 829 835
696 536 693 865
697 182
698 96 540 574 700
699 233
700 178 540 698
701 37 357 541 760
702 36
703 155 292 704
704 155 291 292 703
705 261 706
706 264 705
707 226 547 711 869
708 380 387 843
710 255 712
711 707 869
712 183 710
713 259
714 552
715 18 147 199 202
716 3 167 279 344
717 19 27
718 26
719 90 162 560 563
720 24 366 557 771 864
721 722
722 721 727
723 201
724 109 273 276 732
725 175 176
726 684
727 263 722
728 730 731
729 116 196
730 566 617 728
731 214 728
732 110 273 276 724
733 5
734 571 572 735
735 571 572 734
736 817
737 150 156 396 573 580
738 739
739 270 587 738
741 159 284 335 590
742 158 160 271
743 171 745
744 213 746
745 743
746 744 806
747 199 274 592
748 22 32 51 618 749 750
749 21 32 51 748 750
750 21 32 51 748 749
751 311
752 34 198
753 28 188
754 63 610 665 772
755 209 757
756 7 398
757 209 755
758 62 759 767
759 62 394 758 767
760 37 541 641 701
761 68 254
762 676 680
763 2 620 675 769
764 33 34 655
765 616 619
766 250
767 622 679 758 759
768 210 222 623
769 236 614 763
770 228
771 557 673 674 720
772 14 193 195 754
773 367 398 432
774 331
775 327 379 825
776 341 779
777 511
778 780
779 341 776
780 358 778
781 485 784 862
782 491 863 866
783 363 512
784 370 485 781 862
785 474 516
786 352 494 509
787 860
788 168 429 520 521 814 815
790 570
791 476
792 499 870
793 496 794 795
794 147 496 793 795
795 496 793 794
796 500 502
798 189
799 646 800
800 362 799
801 365 805
802 361 483
803 600
804 151 359 360
805 365 801
806 746 852
808 660
809 401 514 842
810 58 599 602 659
811 389 813 820 821
812 823
813 389 811 820 821
814 168 170 518 520 788 815
815 168 170 518 520 521 788 814
816 225 301 382 682
817 376 377 736
818 175 176 384
819 309 686
820 154 389 811 813 821
821 811 813 820
822 323
823 307 812
825 136 327 775
826 317
827 184 296 670 675
829 691 695 835
830 347
831 169 172 294 295
832 316 692
833 390
834 182 305 349
835 289 695 829
836 276 338
837 508 659
838 322 399 468
839 198 328 655
840 320
841 313 396
842 201 809
843 299 380 708
845 167
846 257 665 667
848 178 298
849 331 333
850 336
851 666 668
852 806
853 162 336
854 857
855 675 856
856 675 855
857 854
858 477
859 348 861
860 787
861 859
862 370 781 784
863 171 782 866
864 366 720
865 696
866 171 491 782 863
867 350
868 160 200 214
869 343 707 711
870 499 792
