1 5 571 735
2 184 620 670 675 763 827
3 117 119 122 167 279 716
4 16 97 194 451 455 617
5 1 480 733
6 100 575 588 589
7 106 462 464 756
8 104 186 188 428
9 111 113 485
10 13 112 114 358
11 281 430
12 562 565
13 10 106 112 114
14 193 195 754 772
15 103 593
16 4 120 121 194 197 451 453 629
17 123 190
18 128 147 148 199 202 555 715
19 23 27 127 717
20 146 601
21 32 51 618 628 748 749 750
22 32 203 618 748 749
23 19 127 580 717
24 366 557 720 771 864
25 102 140 406 613
26 205 414 718
27 19 717
28 206 446 753
29 133 135 611
30 379 519 523 581 775
31 36 38 702
32 21 22 51 466 468 618 748 749 750
33 34 500 764
34 33 124 198 752 764
35 37 541 641 701 760
36 31 38 425 702
37 35 541 641 701 760
38 31 36 425 702
39 218 442 443
40 43 219 220 548
41 489 513
42 44 108 118 481 532 666 668
43 40 57 219 220 548 708
44 42 108 483 532 666 668
45 110 116 353 852
46 47 48 49 82 415 549
47 46 48 49 82 415 549
48 46 47 49 82 415 549 649
49 46 47 48 82 415 549
50 80 234
51 21 32 468 472 618 628 748 749 750
52 58 240 599 602 659 810
53 223 225 256 682
54 55 56 422 524 630 633 669
55 54 56 422 630
56 54 55 630
57 43 246 608 708
58 52 240 599 602 659 810
59 61 248 533 535 638
60 66 251
61 59 535 638
62 758 759 767
63 257 429 518 610 665 667 754
64 66 251 642
65 239 241 447 609 612
66 60 64 251 626
67 215
68 226 254 429 547 761
69 145 493
70 538
71 87
72 73 96 540 574 698
73 72 96 574 780
74 81 270 438 587 636 739
75 77 92 452 454 456 645
76 141 143 577 578
77 75 452 454 456
78 267 492 546 647
79 80 229 230 643
80 50 79 234
81 74 270 438 587 738 739
82 46 47 48 49 549 649
83 268 272 551 653
84 142 450
85 86 282 283 460 553 554
86 85 282 283 460 553 554
87 71
88 559 588 589
89 91 478
90 512 560 563 719
91 89 478
92 75 556 645 663
93 180 591
94 594 709
95 183 525 595 710 712
96 72 73 476 540 574 698 700
97 4 299 451 455 566 617
98 146 308 418 419
99 100 102 420 575 677 681
100 6 99 425 575 588 589 677
101 622 624
102 25 99 140 420 613 681
103 15 593
104 8 186 428 503
105 190 421
106 7 13 112 114 462
107 488 593 779
108 42 44 265 545 666 668
109 110 724
110 45 109 732
111 9 113 485
112 10 13 106 114
113 9 111 485 568
114 10 13 106 112 462
115 426 808
116 45 196 729
117 3 119 122 405 498 567
118 42 532 666
119 3 117 122 279 716
120 16 121 451 453 604 629
121 16 120 197 453 597 604 629
122 3 117 119 279
123 17
124 34 506 752
125 131
126 601 603
127 19 23 489 580
128 18 202 555 715
129 132 607 625
130 131 619
131 125 130
132 129 607 619 625
133 29 135 301 611
134 138 145 413 683
135 29 133 301 611
136 327 508 825
137 139 684 726
138 134 683
139 137 558 684 726
140 25 102 613
141 76 143 414
142 84 723
143 76 141 414
144 309 448 449 598
145 69 134 411
146 20 98 308 419
147 18 148 199 202 496 715 793 794 795
148 18 147 153 202 715 795
149 154 168 389 811
150 154 156 396 573 580 737 821
151 359 360 804
152 161 166 174 306
153 148
154 149 150 156 389 573 737 811 813 820 821
155 291 292 703 704
156 150 154 396 580 737 841
157 164 181 391 393 583
158 160 200 271 742 868
159 284 330 335 590 741
160 158 200 214 271 742 868
161 152 166 174
162 336 560 719 853
163 283
164 157 393 401 583
165 275 305 337 339
166 152 161 738
167 3 344 716 845
168 149 170 278 530 788 814 815
169 172 280 284 294 295 691 829 831
170 168 278 520 530 788 814 815
171 743 745 782 863 866
172 169 280 284 294 295 691 831
173 279 870
174 152 161 176 306 384 818
175 176 379 725 775 818
176 174 175 384 725 818
177 270 286 587 739
178 277 298 378 700 848
179 181 293 539
180 93 255 591 710
181 157 179 391 393 539
182 300 349 538 697 834
183 95 595 710 712 824
184 2 620 670 675 763 827
185 314 734
186 8 104 188
187 211 212 603 657 797
188 8 186 753
189 203 368 798
190 17 105 421
191 863
192 208 421 582 584
193 14 195 317 754 772 826
194 4 16 197 363 371 629
195 14 193 772 826
196 116 729
197 16 121 194 363 371 388 403 604 629 656
198 34 207 752 839
199 18 147 202 274 345 715 747
200 158 160 214 271 742 868
201 723 809 842
202 18 128 147 148 199 715 795
203 22 189 368 748
204 381
205 26 369 372 718
206 28 365 801
207 198 605 752
208 192 209 584 615
209 208 615 755 757
210 222 228 664 768
211 187 212 603 657
212 187 211 601 603 657
213 290 627 744 746
214 160 200 728 731 868
215 67 223 225 382 816
216 217 644
217 216 278 644
218 39 375
219 40 43 220 380 548 843
220 40 43 219 380 548 708 843
221 224 404
222 210 228 623 664 768
223 53 215 225 256 382 671 682 816
224 221
225 53 215 223 382 671 682 816
226 68 254 547 707 711 867 869
227 248 533 537
228 210 222 664 768 770
229 79 230 626 642 643
230 79 229 410 626 642 643
231 660 662
232 524
233 699
234 50 80
235 238 262 361 688
236 614 769 856
237 243 260 316 550 692 832
238 235 262 688
239 65 241 354 612
240 52 58 599 602 659 810 837
241 65 239 354 612
242 245
243 237 550 692 832
244 329
245 242 423
246 57 310 387 608
247 250 635 689 766
248 59 227 533 535 537 638
249 252 253 385 397 399 685
250 247 766
251 60 64 66 632
252 249 253 385 397 399 685 686
253 249 252 385 397 399 685 686
254 68 226 547 761 867
255 180 710
256 53 223 260 671 682
257 63 610 665 667 754 846
258 356 596 760
259 324 383 678 713
260 237 256 652
261 705 706
262 235 238 439 688
263 264 355 727
264 263 355 705 706
265 108 441 545 668
266 402 646 648 650
267 78 546 647
268 83 269 653
269 268 653
270 74 81 177 587 738 739
271 158 160 200 275 742
272 83 551
273 276 338 724 732 836
274 199 432 592 747
275 165 271 742
276 273 338 724 732 836
277 178 378 527 687
278 168 170 217 530
279 3 119 122 173 716
280 169 172 284 634 637 741 831
281 11 430 560
282 85 86 283 553 554 733
283 85 86 163 282 460 553 554
284 159 169 172 280 634 741 831
285 286 534 536 693 696
286 177 285 534 636 693
287 288 408 409 564
288 287 412 564
289 691 695 829 835
290 213 353 744
291 155 292 405 567 703 704
292 155 291 703 704
293 179 539
294 169 172 295 335 436 831
295 169 172 294 436 831
296 438 670 827
297 298 318 319 378
298 178 297 378 848
299 97 303 304 312 380 455 708 843
300 182 302 349 442 443 697 834
301 133 135 382 444 611 671 682 816
302 300 349 442 443
303 299 304 312 451 453
304 299 303 312 451 453 455 843
305 165 337 349 834
306 152 174 384 439 651
307 653 823
308 98 146 374 419
309 144 448 449 819
310 246 387 416
311 751
312 299 303 304 451 453 455 843
313 396 457 841
314 185 465
315 357 446 701
316 237 461 832
317 193 826
318 297 319
319 297 318
320 840
321 460
322 397 399 466 468 838
323 561 562 822
324 259 383 678 713
325 402 470
326 332 333 395 406
327 136 379 775 825
328 478 655 839
329 244 658
330 159 335 741
331 332 333 774 849
332 326 331 333 406 849
333 326 331 332 406 849
334 340 372
335 159 294 330 741
336 162 486 719 850 853
337 165 305 339 349 834
338 273 276 732 836
339 165 337 346
340 334 369 372 479 654
341 669 776 779
342 638
343 350 707 711 869
344 167 716
345 199 747 793
346 339 635
347 450 830
348 859 861
349 182 300 302 305 337 443 697 834
350 343 867
351 659 837
352 494 786
353 45 290 744 746 852
354 239 241
355 263 264 458 727
356 258 357 428 503
357 315 356 503 701 760
358 10 778 780 791
359 151 360 364 510 804
360 151 359 410 510 804
361 235 688 802
362 730 800
363 194 197 371 388 403 656 783
364 359 507 509
365 206 498 801 805
366 24 720 864
367 398 773 778
368 189 203 798
369 205 340 372 479
370 485 781 784 862
371 194 197 363 388 403 656 783
372 205 334 340 369 479
373 738 739
374 308 375 522
375 218 374 522
376 377 736 817
377 376 817
378 178 277 297 298 687
379 30 175 327 441 519 775
380 219 220 299 387 548 708 843
381 204
382 215 223 225 301 671 682 816
383 259 324 678
384 174 176 306 818
385 249 252 253 397 399 685 686 819
386 390 392 689
387 246 310 380 708
388 197 363 371 403 656
389 149 154 811 813 820 821
390 386 392 528 529 689 833
391 157 181 393
392 386 390 528 529 689 833
393 157 164 181 391
394 679 758 759 767
395 326 406
396 150 156 313 580 737 841
397 249 252 253 322 385 399 685 686
398 367 400 756 773
399 249 252 253 322 385 397 838
400 398 756 773
401 164 514 809
402 266 325
403 197 363 371 388 656
404 221
405 117 291 498 567
406 25 326 332 333 395
407 555
408 287 409 504
409 287 408 504 564 797
410 230 360 510 626 804
411 145 413 481
412 288 564
413 134 411 483 683
414 26 141 143 505
415 46 47 48 49
416 310 566 728
417 513
418 98 419 435 522
419 98 146 308 418 522
420 99 102 677 681
421 105 190 192
422 54 55 524 630 633
423 245 424 514
424 423 514
425 36 38 100 588
426 115 808
427 434
428 8 104 356 503
429 63 68 518 520 521 610 761 788
430 11 281
431 434 822
432 274 592 773
433 435
434 427 431
435 418 433 522 743
436 294 295 596 831
437 573 580
438 74 81 296 587
439 262 306 818
440 544
441 265 379 519 545
442 39 300 302 443
443 39 300 302 349 442
444 301 611 816
445 608
446 28 315 753
447 65 609 612
448 144 309 449 598
449 144 309 448 598
450 84 347
451 4 16 97 120 303 304 312 453 455 629
452 75 77 454
453 16 120 121 303 304 312 451 455 629
454 75 77 452
455 4 97 299 304 312 451 453 617
456 75 77 644 645
457 313 536
458 355 459 542 543
459 458 542 543
460 85 86 283 321 553 826
461 316 832
462 7 106 114 464
463 636 844
464 7 462
465 314
466 32 322 468 618 838
467 469 847
468 32 51 322 466 472 618 838
469 467
470 325 833
471 473 517 523 851
472 51 468 628
473 471 517 523
474 516 785
476 96 791
477 652 858
478 89 91 328 839
479 340 369 372 654
480 5 846
481 42 411 532
483 44 413 802
484 600 606 620 803
485 9 111 113 370 781 784
486 336 850 853
487 582
488 107 593
489 41 127
491 649 782 866
492 78 647
493 69 495
494 352 509 786
495 493
496 147 793 794 795
497 652
498 117 365 405 567 805
499 792 870
500 33 502 506 796
502 500 796
503 104 356 357 428
504 408 409 797
505 414
506 124 500 796 865
507 364 509
508 136 837
509 364 494 507 786
510 359 360 410 626 804
511 518 520 610 777 814
512 90 783
513 41 417
514 401 423 424 809
515 621
516 474 785
517 471 473 523
518 63 429 511 520 521 610 777 788 814 815
519 30 379 441 775
520 170 429 511 518 521 610 788 814 815
521 429 518 520 788 814 815
522 374 375 418 419 435
523 30 471 473 517 581
524 54 232 422 630 633 669
525 95 576 595
526 544
527 277 552 654 687
528 390 392 529 631 689
529 390 392 528 631
530 168 170 278
532 42 44 118 481
533 59 227 248 535 537 638
534 285 286 536 693 696
535 59 61 248 533 537 638
536 285 457 534 693 696
537 227 248 533 535 638
538 70 182
539 179 181 293 583
540 72 96 574 698 700
541 35 37 641 701 760
542 458 459 543
543 458 459 542
544 440 526
545 108 265 441 668
546 78 267 647
547 68 226 254 707 711 761
548 40 43 219 220 380 708
549 46 47 48 49 82 649
550 237 243 640 692
551 83 272
552 527 639 654 687 714
553 85 86 282 283 460 554
554 85 86 282 283 553 733
555 18 128 407
556 92 559 663
557 24 624 720 771
558 139 684 726
559 88 556 663
560 90 162 281 563 719
561 323 562 822
562 12 323 561 565
563 90 560 719
564 287 288 409 412
565 12 562
566 97 416 617 728 730
567 117 291 405 498
568 113
570 579 790
571 1 572 734 735
572 571 734 735
573 150 154 437 580 737
574 72 73 96 540 698 700
575 6 99 100 588 589 677
576 525 579
577 76 578 585 586
578 76 577 585 586 590
579 570 576
580 23 127 150 156 396 437 573 737
581 30 523
582 192 487 584
583 157 164 539
584 192 208 582 615
585 577 578 586 590
586 577 578 585 590
587 74 81 177 270 438 636 739
588 6 88 100 425 575 589
589 6 88 100 575 588
590 159 578 585 586 741
591 93 180
592 274 432 747
593 15 103 107 488
594 94
595 95 183 525
596 258 436 597 604
597 121 596 604
598 144 448 449
599 52 58 240 602 810
600 484 606 803
601 20 126 212 603
602 52 58 240 599 659 810
603 126 187 211 212 601
604 120 121 197 596 597 629 656
605 207
606 484 600 803
607 129 132 625
608 57 246 445
609 65 447 612 756
610 63 257 429 511 518 520 665 754
611 29 133 135 301 444
612 65 239 241 447 609
613 25 102 140 681
614 236 769
615 208 209 584 755 787
616 619 765
617 4 97 455 566 730
618 21 22 32 51 466 468 628 748 749 750
619 130 132 616 765
620 2 184 484 763
621 515
622 101 624 679 759 767
623 222 768
624 101 557 622 771
625 129 132 607
626 66 229 230 410 510
627 213
628 21 51 472 618 750
629 16 120 121 194 197 451 453 604
630 54 55 56 422 524 633
631 528 529 635
632 251
633 54 422 524 630
634 280 284 637
635 247 346 631
636 74 286 463 587
637 280 634
638 59 61 248 342 533 535 537
639 552 654 714
640 550 789
641 35 37 541 701 760
642 64 229 230 643
643 79 229 230 642
644 216 217 456 645 663
645 75 92 456 644 663
646 266 648 650 799
647 78 267 492 546
648 266 646 650 799
649 48 82 491 549 782
650 266 646 648
651 306
652 260 477 497
653 83 268 269 307
654 340 479 527 552 639
655 328 764 839
656 197 363 371 388 403 604
657 187 211 212 662
658 329
659 52 58 240 351 602 810 837
660 231 662 808
662 231 657 660
663 92 556 559 644 645
664 210 222 228 770
665 63 257 610 667 754 846
666 42 44 108 118 668 851
667 63 257 665 761 846
668 42 44 108 265 545 666 851
669 54 341 524 776
670 2 184 296 675 763 827
671 223 225 256 301 382 682 816
672 676 762 860
673 674 771
674 673 771
675 2 184 670 763 769 827 855 856
676 672 680 762
677 99 100 420 575 681
678 259 324 383
679 394 622 759 767
680 676 762
681 99 102 420 613 677
682 53 223 225 256 301 382 671 816
683 134 138 413
684 137 139 558 726
685 249 252 253 385 397 686 819
686 252 253 385 397 685 819
687 277 378 527 552 714
688 235 238 262 361
689 247 386 390 392 528
691 169 172 289 695 829 831 835
692 237 243 550 832
693 285 286 534 536 696 865
695 289 691 829 835
696 285 534 536 693 865
697 182 300 349 834
698 72 96 540 574 700
699 233
700 96 178 540 574 698 848
701 35 37 315 357 541 641 760
702 31 36 38 781 862
703 155 291 292 704
704 155 291 292 703
705 261 264 706
706 261 264 705
707 226 343 547 711 867 869
708 43 57 220 299 380 387 548 843
709 94
710 95 180 183 255 712
711 226 343 547 707 869
712 95 183 710
713 259 324
714 552 639 687
715 18 128 147 148 199 202 747
716 3 119 167 279 344
717 19 23 27 844
718 26 205
719 90 162 336 560 563 850 853
720 24 366 557 771 864
721 722
722 721 727
723 142 201 842
724 109 273 276 732
725 175 176
726 137 139 558 684 806
727 263 355 722
728 214 416 566 730 731
729 116 196
730 362 566 617 728
731 214 728 868
732 110 273 276 338 724
733 5 282 554 812
734 185 571 572 735
735 1 571 572 734
736 376 817
737 150 154 156 396 573 580
738 81 166 270 373 739
739 74 81 177 270 373 587 738
741 159 280 284 330 335 590
742 158 160 200 271 275
743 171 435 745 866
744 213 290 353 746 806
745 171 743 866
746 213 353 744 806
747 199 274 345 592 715
748 21 22 32 51 203 618 749 750
749 21 22 32 51 618 748 750
750 21 32 51 618 628 748 749
751 311
752 34 124 198 207 764
753 28 188 446
754 14 63 193 257 610 665 772
755 209 615 757
756 7 398 400 609
757 209 755
758 62 394 759 767
759 62 394 622 679 758 767
760 35 37 258 357 541 641 701
761 68 254 429 547 667
762 672 676 680
763 2 184 620 670 675 769 827
764 33 34 655 752
765 616 619 828
766 247 250
767 62 394 622 679 758 759
768 210 222 228 623 770
769 236 614 675 763
770 228 664 768
771 24 557 624 673 674 720
772 14 193 195 754
773 367 398 400 432
774 331 849 861
775 30 175 327 379 519 825
776 341 669 779
777 511 518
778 358 367 780
779 107 341 776
780 73 358 778
781 370 485 702 784 862
782 171 491 649 863 866
783 363 371 512
784 370 485 781 862
785 474 516
786 352 494 509
787 615 860
788 168 170 429 518 520 521 814 815
789 640
790 570
791 358 476
792 499 870
793 147 345 496 794 795
794 147 496 793 795
795 147 148 202 496 793 794
796 500 502 506
797 187 409 504
798 189 368
799 646 648 800
800 362 799
801 206 365 805
802 361 483
803 484 600 606
804 151 359 360 410 510
805 365 498 801
806 726 744 746 852
808 115 426 660
809 201 401 514 842
810 52 58 240 599 602 659 822
811 149 154 389 813 820 821
812 733 823
813 154 389 811 820 821
814 168 170 511 518 520 521 788 815
815 168 170 518 520 521 788 814
816 215 223 225 301 382 444 671 682
817 376 377 736
818 174 175 176 384 439
819 309 385 685 686
820 154 389 811 813 821
821 150 154 389 811 813 820
822 323 431 561 810
823 307 812
824 183
825 136 327 775
826 193 195 317 460
827 2 184 296 670 675 763 855
828 765
829 169 289 691 695 831 835
830 347
831 169 172 280 284 294 295 436 691 829
832 237 243 316 461 692
833 390 392 470
834 182 300 305 337 349 697
835 289 691 695 829
836 273 276 338
837 240 351 508 659
838 322 399 466 468
839 198 328 478 655
840 320
841 156 313 396
842 201 723 809
843 219 220 299 304 312 380 708
844 463 717
845 167
846 257 480 665 667
847 467
848 178 298 700
849 331 332 333 774
850 336 486 719 853
851 471 666 668
852 45 353 806
853 162 336 486 719 850 858
854 857
855 675 827 856
856 236 675 855
857 854
858 477 853
859 348 861
860 672 787
861 348 774 859
862 370 702 781 784
863 171 191 782 866
864 24 366 720
865 506 693 696
866 171 491 743 745 782 863
867 226 254 350 707
868 158 160 200 214 731
869 226 343 707 711
870 173 499 792
