1 5 480 571 733 734 735
2 184 484 620 670 675 763 827
3 117 119 122 167 279 344 405 567 716
4 16 97 194 362 451 453 455 566 617 629 730
5 1 282 480 571 733
6 88 99 100 575 588 589 677
7 13 106 114 398 462 464 756
8 104 186 188 428 446 753
9 14 111 113 195 485
10 13 26 106 112 114 358 718
11 281 428 430 858
12 323 561 562 565
13 7 10 106 112 114 358 462
14 9 63 111 193 195 511 754 772
15 103 115 426 478 488 593
16 4 97 120 121 194 197 363 451 453 455 604 629 656
17 105 123 190
18 128 147 148 153 199 202 274 432 555 715
19 23 27 127 489 717 841 844
20 126 146 187 191 601 603
21 22 32 51 468 472 618 628 748 749 750 807
22 21 32 51 203 368 466 468 618 748 749 750
23 19 27 127 156 396 489 580 717 841
24 366 557 558 674 720 771 864
25 102 140 326 395 406 613 681
26 10 143 205 414 505 718
27 19 23 489 717 844
28 188 206 446 753
29 133 135 301 444 611
30 327 379 441 471 519 523 581 775
31 36 38 425 702 862
32 21 22 51 203 466 468 472 618 628 748 749 750
33 34 124 500 502 506 655 764
34 33 124 198 500 506 655 752 764 839
35 37 541 641 701 760
36 31 38 88 425 702 862
37 35 436 541 641 701 760
38 31 36 425 702
39 218 442 443 766
40 43 219 220 548
41 417 489 513
42 44 108 118 481 483 532 666 668 851
43 40 57 219 220 380 548 608 708 843
44 42 108 265 413 481 483 532 666 668 802
45 110 116 196 353 852
46 47 48 49 82 415 549 649
47 46 48 49 82 415 549 649
48 46 47 49 82 415 549 649
49 46 47 48 82 415 549 649
50 79 80 234 507 509
51 21 22 32 466 468 472 618 628 748 749 750
52 58 240 599 602 659 810
53 215 223 225 256 477 486 671 682
54 55 56 232 422 524 630 633 669
55 54 56 422 630 633 669
56 54 55 422 630
57 43 220 246 380 387 445 548 608 708
58 52 240 431 599 602 659 810 837
59 61 227 248 533 535 537 638 686
60 64 66 251 632
61 59 248 253 533 535 638 685 686
62 246 394 445 758 759 767
63 14 257 429 511 518 520 610 665 667 754 772
64 60 66 230 251 626 632 642 643
65 239 241 400 447 609 612 756
66 60 64 230 251 410 510 626 642
67 215 225 486 660
68 226 254 429 521 547 667 707 761
69 145 493
70 165 275 538
71 87 151 321
72 73 96 476 540 574 698 700 778 780 791
73 72 96 540 574 592 698 778 780
74 81 177 270 296 438 463 587 636 738 739
75 77 92 452 454 456 644 645 663
76 141 143 577 578 585
77 75 452 454 456 459 542 645
78 267 492 546 647
79 50 80 229 230 642 643
80 50 79 229 234
81 74 270 296 438 587 738 739
82 46 47 48 49 491 549 649 782
83 268 269 272 307 551 653 823
84 142 201 450 723
85 86 282 283 317 460 553 554 733 826
86 85 282 283 317 460 553 554 733
87 71 151 283 321 460
88 6 36 100 425 556 559 588 589
89 91 328 465 478
90 512 560 563 719 783
91 89 328 478
92 75 454 456 556 559 644 645 663
93 95 180 255 591 710
94 594 709
95 93 180 183 255 525 595 710 712 824
96 72 73 476 540 574 698 700 791
97 4 16 299 304 312 451 453 455 566 617 730 843
98 146 191 308 418 419 522
99 6 100 102 420 575 677 681
100 6 88 99 420 425 575 588 589 677
101 622 624 759 767
102 25 99 140 395 420 613 677 681
103 15 426 593
104 8 186 188 315 428 446 503 753
105 17 190 192 421 582 807
106 7 10 13 112 114 462 464
107 288 488 593 776 779
108 42 44 265 532 545 666 668 802 851
109 110 273 276 516 724 732 852
110 45 109 116 273 276 724 732 852
111 9 14 113 195 485 781 784
112 10 13 106 114
113 9 111 485 568 781
114 7 10 13 106 112 462
115 15 426 444 808
116 45 110 196 729
117 3 119 122 167 279 291 405 498 567 716
118 42 532 666 851
119 3 117 122 279 405 498 567 716
120 16 121 194 197 303 304 312 451 453 597 604 629
121 16 120 194 197 303 312 451 453 596 597 604 629
122 3 117 119 279 716
123 17 190 487
124 33 34 500 506 752 764 865
125 131 621
126 20 187 211 212 601 603 833
127 19 23 489 580 717
128 18 199 202 432 555 715
129 130 132 140 607 616 619 625
130 129 131 132 204 607 619 625 765
131 125 130 204 621
132 129 130 607 616 619 625
133 29 135 301 444 611 816
134 138 145 413 683
135 29 133 269 301 611
136 327 351 508 725 775 825 837
137 139 684 726 744 746
138 134 145 413 495 683
139 137 558 684 726
140 25 102 129 613 681
141 76 143 205 414 577
142 84 201 450 723
143 26 76 141 205 414 505
144 309 448 449 598 819
145 69 134 138 411
146 20 98 191 308 419
147 18 148 153 199 202 274 345 496 715 747 793 794 795
148 18 147 153 202 492 496 555 715 793 794 795
149 154 168 170 389 521 530 788 811 813 820
150 154 156 313 396 573 580 737 813 820 821 841
151 71 87 359 360 364 510 804
152 161 166 174 306 384
153 18 147 148 202 492 555 795
154 149 150 156 389 573 737 811 813 820 821
155 291 292 703 704 845
156 23 150 154 313 396 573 580 737 820 821 841
157 164 181 391 393 401 539 583
158 160 200 214 271 275 346 742 868
159 172 280 284 294 330 335 585 586 590 741
160 158 200 214 271 742 868
161 152 166 174 306 384
162 281 336 486 560 719 850 853 858
163 282 283 510 553 554
164 157 181 391 393 401 514 583 809
165 70 182 275 305 337 339 346 538 834
166 152 161 373 738
167 3 117 279 291 344 567 716 845
168 149 170 278 518 520 521 530 788 814 815
169 172 280 284 294 295 637 691 695 829 831
170 149 168 278 518 520 521 530 788 814 815
171 491 743 745 782 863 866
172 159 169 280 284 294 295 335 436 691 741 829 831
173 279 499 792 870
174 152 161 175 176 306 384 725 818
175 174 176 327 379 384 519 725 775 818 825
176 174 175 306 379 384 725 818
177 74 270 286 502 587 739 796
178 277 297 298 378 540 698 700 848
179 181 293 391 501 539
180 93 95 255 591 595 710
181 157 164 179 293 391 393 539 583
182 165 300 302 305 337 349 538 697 834
183 95 525 595 710 712 824
184 2 296 620 670 675 763 827 855
185 207 314 572 605 734 735
186 8 104 188 753 789
187 20 126 211 212 601 603 657 797
188 8 28 104 186 753 789
189 203 368 798
190 17 105 123 192 421 582
191 20 98 146 863
192 105 190 208 421 582 584
193 14 195 317 754 772 826
194 4 16 120 121 197 363 371 388 453 604 629 656 783
195 9 14 111 193 317 754 772 826
196 45 116 729
197 16 120 121 194 363 371 388 403 596 597 604 629 656
198 34 207 328 655 752 764 839
199 18 128 147 202 274 345 592 715 747 793 794 795
200 158 160 214 271 731 742 868
201 84 142 723 809 842
202 18 128 147 148 153 199 555 715 793 794 795
203 22 32 189 368 618 748 749 798
204 130 131 381 828
205 26 141 143 369 372 414 718
206 28 365 753 801 805
207 185 198 605 752
208 192 209 584 615 755 798
209 208 615 755 757
210 222 228 623 664 768 770
211 126 187 212 601 603 657 662
212 126 187 211 601 603 657 797
213 290 353 627 744 746
214 158 160 200 728 731 799 868
215 53 67 223 225 382 682 808 816
216 217 278 370 644 784 862
217 216 278 370 456 644
218 39 374 375 383 443 678
219 40 43 220 299 303 304 380 548 708 843
220 40 43 57 219 299 303 304 380 548 708 843
221 224 404 694
222 210 228 623 664 768 770
223 53 215 225 256 301 382 671 682 816
224 221 404
225 53 67 215 223 256 301 382 671 682 816
226 68 254 343 350 547 707 711 761 867 869
227 59 248 533 535 537 638
228 210 222 623 664 768 770
229 79 80 230 410 626 642 643
230 64 66 79 229 410 626 642 643
231 660 662
232 54 238 524 633 651 669
233 493 495 699
234 50 80 499 757
235 238 262 265 361 545 688 802
236 614 675 763 769 855 856
237 243 260 316 550 652 692 832
238 232 235 262 361 651 688
239 65 241 354 400 447 609 612
240 52 58 351 599 602 659 810 837
241 65 239 354 609 612
242 245 352 423 424 526
243 237 260 316 320 550 640 692 832 840
244 329 420 425 658
245 242 352 423 424 860
246 57 62 310 387 608 708
247 250 386 635 689 766
248 59 61 227 533 535 537 638
249 252 253 322 385 397 399 685 686 838
250 247 308 374 635 766
251 60 64 66 632
252 249 253 322 385 397 399 685 686 838
253 61 249 252 385 397 399 685 686 819
254 68 226 257 350 429 547 667 707 761 867
255 93 95 180 710
256 53 223 225 260 382 652 671 682
257 63 254 429 610 665 667 754 761 846
258 356 357 403 503 596 597 760
259 324 383 678 713
260 237 243 256 550 652 692 832
261 264 417 705 706
262 235 238 265 361 439 651 688
263 264 355 458 706 722 727
264 261 263 355 705 706 727
265 44 108 235 262 361 441 545 668
266 325 402 646 648 650
267 78 492 546 647 838
268 83 269 272 461 551 653
269 83 135 268 461 653
270 74 81 177 373 438 587 636 738 739
271 158 160 200 275 742 868
272 83 268 551 632
273 109 110 276 338 724 732 836
274 18 147 199 345 432 592 715 747
275 70 158 165 271 339 346 742
276 109 110 273 338 724 732 836
277 178 378 479 527 552 654 687
278 168 170 216 217 456 530 644 814 815
279 3 117 119 122 167 173 344 716
280 159 169 172 284 294 335 634 637 691 741 831
281 11 162 430 560 853 858
282 5 85 86 163 283 460 553 554 733
283 85 86 87 163 282 460 553 554
284 159 169 172 280 330 335 590 634 637 741 831
285 286 457 463 534 536 636 693 696 865
286 177 285 463 534 536 636 693
287 288 408 409 564
288 107 287 408 409 412 564
289 691 695 829 835
290 213 353 744 746
291 117 155 167 292 405 567 703 704 845
292 155 291 703 704
293 179 181 467 469 539
294 159 169 172 280 295 330 335 436 641 741 831
295 169 172 294 335 436 596 691 829 831
296 74 81 184 438 670 675 827
297 178 298 318 319 378 687
298 178 297 378 623 700 848
299 97 219 220 303 304 312 380 387 451 453 455 708 843
300 182 302 305 349 442 443 697 834
301 29 133 135 223 225 382 444 611 671 682 816
302 182 300 349 442 443 697 834
303 120 121 219 220 299 304 312 451 453 455 835 843
304 97 120 219 220 299 303 312 380 451 453 455 843
305 165 182 300 337 339 346 349 834
306 152 161 174 176 384 439 651 818
307 83 653 812 823
308 98 146 250 374 418 419 522
309 144 385 448 449 598 685 686 819
310 246 387 416 708
311 751
312 97 120 121 299 303 304 380 451 453 455 629 843
313 150 156 396 457 841
314 185 465
315 104 357 446 503 701
316 237 243 461 692 832
317 85 86 193 195 460 480 826
318 297 319 687 714
319 297 318 378 687 714
320 243 692 832 840
321 71 87 460
322 249 252 397 399 466 468 618 838
323 12 427 431 434 561 562 565 822
324 259 383 678 713
325 266 402 470
326 25 332 333 395 406
327 30 136 175 379 581 725 775 825
328 89 91 198 478 655 839
329 244 658
330 159 284 294 335 741
331 332 333 774 849
332 326 331 333 406 849
333 326 331 332 406 849
334 340 369 372 577
335 159 172 280 284 294 295 330 436 641 741 831
336 162 486 719 850 853
337 165 182 305 339 346 349 834
338 273 276 594 724 729 732 836
339 165 275 305 337 346 742
340 334 369 372 479 639 654
341 669 776 779
342 345 638
343 226 350 605 707 711 867 869
344 3 167 279 642 643 716 845
345 147 199 274 342 496 747 793 794
346 158 165 275 305 337 339 635 742
347 450 830
348 515 859 861
349 182 300 302 305 337 442 443 697 834
350 226 254 343 707 867
351 136 240 508 659 837
352 242 245 494 509 786 787
353 45 213 290 744 746 806 852
354 239 241 400 407
355 263 264 458 459 531 543 706 722 727
356 258 357 403 428 503 760
357 258 315 356 428 446 503 541 701 760
358 10 13 476 718 778 780 791
359 151 360 364 410 510 804
360 151 359 364 410 510 804
361 235 238 262 265 415 483 688 802
362 4 512 728 730 799 800
363 16 194 197 371 388 403 512 629 656 783
364 151 359 360 507 509 804
365 206 405 498 801 805
366 24 474 674 720 771 864
367 398 432 756 773 778 780
368 22 189 203 421 748 798
369 205 334 340 372 479
370 216 217 485 702 781 784 862
371 194 197 363 388 403 430 656 783
372 205 334 340 369 479
373 166 270 422 630 738 739
374 218 250 308 375 418 419 522 766
375 218 374 383 418 435 522 678
376 377 556 559 736 740 817
377 376 556 559 736 740 817
378 178 277 297 298 319 527 687 848
379 30 175 176 327 441 519 725 775 818 825
380 43 57 219 220 299 304 312 387 548 708 843
381 204 828
382 215 223 225 256 301 444 671 682 816
383 218 259 324 375 433 678 713
384 152 161 174 175 176 306 439 725 818
385 249 252 253 309 397 399 685 686 819
386 247 390 392 528 689
387 57 246 299 310 380 608 708 843
388 194 197 363 371 403 430 604 656
389 149 154 573 811 813 820 821
390 386 392 528 529 631 689 833
391 157 164 179 181 393 539 583
392 386 390 528 529 689 833
393 157 164 181 391 401 539 583
394 62 679 758 759 767
395 25 102 326 406 613 751
396 23 150 156 313 580 737 821 841
397 249 252 253 322 385 399 466 685 686 838
398 7 367 400 756 773
399 249 252 253 322 385 397 466 468 685 838
400 65 239 354 398 756 773
401 157 164 393 424 514 809
402 266 325 470 833
403 197 258 356 363 371 388 503 656
404 221 224 600 606
405 3 117 119 291 365 498 567 801 805
406 25 326 332 333 395 613
407 354 555
408 287 288 409 504 564 797
409 287 288 408 412 504 564 797
410 66 229 230 359 360 510 626 804
411 145 413 481 532
412 288 409 564 797
413 44 134 138 411 481 483 532 683
414 26 141 143 205 505 718
415 46 47 48 49 361 549 802
416 310 566 728 730 731
417 41 261 513
418 98 308 374 375 419 435 522
419 98 146 308 374 418 522
420 99 100 102 244 677 681
421 105 190 192 368 807
422 54 55 56 373 524 630 633
423 242 245 424 514 809
424 242 245 401 423 514 809
425 31 36 38 88 100 244 575 588 589 677
426 15 103 115 660 808
427 323 431 434 822
428 8 11 104 356 357 430 503
429 63 68 254 257 518 520 521 610 761 788 814 815
430 11 281 371 388 428
431 58 323 427 434 475 599 810 822
432 18 128 274 367 592 715 747 773
433 383 435 743 745
434 323 427 431 475 822
435 375 418 433 522 743 745
436 37 172 294 295 335 596 597 641 760 831
437 531 573 580 737
438 74 81 270 296 587 827
439 262 306 384 441 651 818
440 526 544 854 857
441 30 265 379 439 519 545 818
442 39 300 302 349 443
443 39 218 300 302 349 442 834
444 29 115 133 301 382 611 808 816
445 57 62 608
446 8 28 104 315 357 753
447 65 239 609 612
448 144 309 449 598 819
449 144 309 448 598 819
450 84 142 347 830
451 4 16 97 120 121 299 303 304 312 453 455 617 629 843
452 75 77 454 459 645
453 4 16 97 120 121 194 299 303 304 312 451 455 604 629
454 75 77 92 452 645
455 4 16 97 299 303 304 312 451 453 566 617 629 843
456 75 77 92 217 278 530 644 645
457 285 313 534 536 696 841
458 263 355 459 542 543
459 77 355 452 458 542 543 722
460 85 86 87 282 283 317 321 553 554 826
461 268 269 316 832
462 7 13 106 114 464 756
463 74 285 286 534 587 636 844
464 7 106 462 609 756
465 89 314
466 22 32 51 322 397 399 468 472 618 838
467 293 469 847
468 21 22 32 51 322 399 466 472 618 628 748 838
469 293 467 539 847
470 325 402 833
471 30 473 517 523 581 851
472 21 32 51 466 468 618 628 838
473 471 517 523 581 851
474 366 516 785 864
475 431 434 525 595
476 72 96 358 479 540 574 791
477 53 497 652 853 858
478 15 89 91 328 655 839
479 277 340 369 372 476 527 654
480 1 5 317 571 846
481 42 44 411 413 532
482 637
483 42 44 361 413 683 802
484 2 600 606 620 803
485 9 111 113 370 781 784 862
486 53 67 162 336 850 853
487 123 582 676
488 15 107 593 779
489 19 23 27 41 127 513 717
490 855 856
491 82 171 649 782 863 866
492 78 148 153 267 546 647
493 69 233 495
494 352 507 509 786
495 138 233 493 745
496 147 148 345 793 794 795
497 477 550 652 789
498 117 119 365 405 567 664 801 805
499 173 234 792 870
500 33 34 124 502 506 796 865
501 179
502 33 177 500 506 796
503 104 258 315 356 357 403 428
504 408 409 797
505 26 143 414
506 33 34 124 500 502 796 865
507 50 364 494 509 786
508 136 351 561 659 837
509 50 352 364 494 507 786
510 66 151 163 359 360 410 626 804
511 14 63 518 520 610 754 777 814 815
512 90 362 363 560 563 783 800
513 41 417 489
514 164 401 423 424 809
515 348 621 859
516 109 474 785 864
517 471 473 523 581
518 63 168 170 429 511 520 521 610 777 788 814 815
519 30 175 379 441 523 775
520 63 168 170 429 511 518 521 610 788 814 815
521 68 149 168 170 429 518 520 610 788 814 815
522 98 308 374 375 418 419 435
523 30 471 473 517 519 581
524 54 232 422 630 633 651 669
525 95 183 475 576 595 824
526 242 440 544
527 277 378 479 552 639 654 687 714
528 386 390 392 529 631 635 689
529 390 392 528 631 650 689
530 149 168 170 278 456
531 355 437 543
532 42 44 108 118 411 413 481 666 668
533 59 61 227 248 535 537 638
534 285 286 457 463 536 636 693 696
535 59 61 227 248 533 537 638 685 686
536 285 286 457 534 693 696 865
537 59 227 248 533 535 638
538 70 165 182 697 834
539 157 179 181 293 391 393 469 583
540 72 73 96 178 476 574 698 700
541 35 37 357 641 701 760
542 77 458 459 543
543 355 458 459 531 542
544 440 526
545 108 235 265 441 668 851
546 78 267 492 647
547 68 226 254 707 711 761 867 869
548 40 43 57 219 220 380 708 843
549 46 47 48 49 82 415 649
550 237 243 260 497 640 692
551 83 268 272
552 277 527 639 654 687 714
553 85 86 163 282 283 460 554 733
554 85 86 163 282 283 460 553 733
555 18 128 148 153 202 407 715
556 88 92 376 377 559 663 817
557 24 624 673 674 720 771 864
558 24 139 684 720 726 864
559 88 92 376 377 556 589 663
560 90 162 281 512 563 719 783 853
561 12 323 508 562 565 822 837
562 12 323 561 565 822
563 90 512 560 719 850
564 287 288 408 409 412
565 12 323 561 562
566 4 97 416 455 617 728 730
567 3 117 119 167 291 405 498 704 716 845
568 113
570 579 614 790
571 1 5 480 572 734 735
572 185 571 605 734 735
573 150 154 156 389 437 580 737
574 72 73 96 476 540 698 700
575 6 99 100 425 588 589 677
576 525 579 602
577 76 141 334 578 585 586 590
578 76 577 585 586 590
579 570 576
580 23 127 150 156 396 437 573 737
581 30 327 471 473 517 523
582 105 190 192 487 584
583 157 164 181 391 393 539
584 192 208 582 615 787
585 76 159 577 578 586 590
586 159 577 578 585 590 741
587 74 81 177 270 438 463 636 738 739
588 6 88 100 425 575 589 677
589 6 88 100 425 559 575 588
590 159 284 577 578 585 586 634 741
591 93 180
592 73 199 274 432 747
593 15 103 107 488
594 94 338 709 836
595 95 180 183 475 525 710 712
596 121 197 258 295 436 597 604 656
597 120 121 197 258 436 596 604 629 656
598 144 309 448 449
599 52 58 240 431 602 659 810
600 404 484 606 803
601 20 126 187 211 212 603
602 52 58 240 576 599 659 810
603 20 126 187 211 212 601
604 16 120 121 194 197 388 453 596 597 629 656
605 185 207 343 572 752
606 404 484 600 803
607 129 130 132 625
608 43 57 246 387 445 708
609 65 239 241 447 464 612 756
610 63 257 429 511 518 520 521 665 667 754 772 777 788
611 29 133 135 301 444
612 65 239 241 447 609
613 25 102 140 395 406 681
614 236 570 769 790
615 208 209 584 755 757 787
616 129 132 619 765
617 4 97 451 455 566 730
618 21 22 32 51 203 322 466 468 472 628 748 749 750 838
619 129 130 132 616 765
620 2 184 484 670 675 763 827
621 125 131 515
622 101 624 679 758 759 767
623 210 222 228 298 768 848
624 101 557 622 673 674 771
625 129 130 132 607
626 64 66 229 230 410 510 642 804
627 213 744 746
628 21 32 51 468 472 618 748 749 750
629 4 16 120 121 194 197 312 363 451 453 455 597 604 656
630 54 55 56 373 422 524 633
631 390 528 529 635 650 689
632 60 64 251 272
633 54 55 232 422 524 630 651
634 280 284 590 637 741
635 247 250 346 528 631 689
636 74 270 285 286 463 534 587
637 169 280 284 482 634 691
638 59 61 227 248 342 533 535 537
639 340 527 552 654 714
640 243 550 789
641 35 37 294 335 436 541 701 760
642 64 66 79 229 230 344 626 643
643 64 79 229 230 344 642
644 75 92 216 217 278 456 645 663
645 75 77 92 452 454 456 644 663
646 266 648 650 799 800
647 78 267 492 546
648 266 646 650 799
649 46 47 48 49 82 491 549 782 863
650 266 529 631 646 648 799
651 232 238 262 306 439 524 633
652 237 256 260 477 497
653 83 268 269 307 823
654 277 340 479 527 552 639 687 714
655 33 34 198 328 478 752 764 839
656 16 194 197 363 371 388 403 596 597 604 629
657 187 211 212 662
658 244 329 830
659 52 58 240 351 508 599 602 810 837
660 67 231 426 662 808
661 824
662 211 231 657 660
663 75 92 556 559 644 645
664 210 222 228 498 768 770
665 63 257 610 667 754 772 846
666 42 44 108 118 532 668 851
667 63 68 254 257 610 665 754 761 846
668 42 44 108 265 532 545 666 851
669 54 55 232 341 524 776 779
670 2 184 296 620 675 763 827 855
671 53 223 225 256 301 382 682 816
672 676 680 762 860
673 557 624 674 679 771
674 24 366 557 624 673 720 771 864
675 2 184 236 296 620 670 763 769 827 855 856
676 487 672 680 762
677 6 99 100 102 420 425 575 588 681
678 218 259 324 375 383 713
679 394 622 673 758 759 767
680 672 676 762
681 25 99 102 140 420 613 677
682 53 215 223 225 256 301 382 671 816
683 134 138 413 483
684 137 139 558 726 746 806
685 61 249 252 253 309 385 397 399 535 686 819
686 59 61 249 252 253 309 385 397 535 685 819
687 277 297 318 319 378 527 552 654 714
688 235 238 262 361 802
689 247 386 390 392 528 529 631 635
690 694
691 169 172 280 289 295 637 695 829 831 835
692 237 243 260 316 320 550 832 840
693 285 286 534 536 696 796 865
694 221 690
695 169 289 691 829 835
696 285 457 534 536 693 711 865
697 182 300 302 349 538 834
698 72 73 96 178 540 574 700 848
699 233
700 72 96 178 298 540 574 698 848
701 35 37 315 357 541 641 760
702 31 36 38 370 781 784 862
703 155 291 292 704 840
704 155 291 292 567 703 845
705 261 264 706
706 261 263 264 355 705
707 68 226 254 343 350 547 711 867 869
708 43 57 219 220 246 299 310 380 387 548 608 843
709 94 594
710 93 95 180 183 255 595 712
711 226 343 547 696 707 865 869
712 95 183 595 710 824
713 259 324 383 678
714 318 319 527 552 639 654 687
715 18 128 147 148 199 202 274 432 555 747 794
716 3 117 119 122 167 279 344 567 845
717 19 23 27 127 489 841 844
718 10 26 205 358 414
719 90 162 336 560 563 850 853
720 24 366 557 558 674 771 864
721 722 727 740
722 263 355 459 721 727
723 84 142 201 842 854
724 109 110 273 276 338 732 836
725 136 174 175 176 327 379 384 775 818
726 137 139 558 684 746 785 806
727 263 264 355 721 722
728 214 362 416 566 730 731 799
729 116 196 338 732
730 4 97 362 416 566 617 728 731 800
731 200 214 416 728 730 868
732 109 110 273 276 338 724 729 836
733 1 5 85 86 282 553 554 812 823
734 1 185 571 572 735
735 1 185 571 572 734
736 376 377 817
737 150 154 156 396 437 573 580 820 821 841
738 74 81 166 270 373 587 739
739 74 81 177 270 373 587 738
740 376 377 721
741 159 172 280 284 294 330 335 586 590 634 831
742 158 160 200 271 275 339 346 868
743 171 433 435 745 863 866
744 137 213 290 353 627 746 806 852
745 171 433 435 495 743 866
746 137 213 290 353 627 684 726 744 806 852
747 147 199 274 345 432 592 715
748 21 22 32 51 203 368 468 618 628 749 750 807
749 21 22 32 51 203 618 628 748 750 807
750 21 22 32 51 618 628 748 749 807
751 311 395
752 34 124 198 207 605 655 764 839
753 8 28 104 186 188 206 446
754 14 63 193 195 257 511 610 665 667 772 846
755 208 209 615 757
756 7 65 367 398 400 462 464 609
757 209 234 615 755
758 62 394 622 679 759 767
759 62 101 394 622 679 758 767
760 35 37 258 356 357 436 541 641 701
761 68 226 254 257 429 547 667 867
762 672 676 680
763 2 184 236 620 670 675 769 827 855 856
764 33 34 124 198 655 752 839
765 130 616 619 828
766 39 247 250 374
767 62 101 394 622 679 758 759
768 210 222 228 623 664 770
769 236 614 675 763 855 856
770 210 222 228 664 768
771 24 366 557 624 673 674 720 864
772 14 63 193 195 610 665 754 826
773 367 398 400 432 778
774 331 849 859 861
775 30 136 175 327 379 519 725 825
776 107 341 669 779
777 511 518 610 814
778 72 73 358 367 773 780
779 107 341 488 669 776
780 72 73 358 367 778 791
781 111 113 370 485 702 784 862
782 82 171 491 649 863 866
783 90 194 363 371 512 560
784 111 216 370 485 702 781 862
785 474 516 726 864
786 352 494 507 509
787 352 584 615 860
788 149 168 170 429 518 520 521 610 814 815
789 186 188 497 640
790 570 614
791 72 96 358 476 780
792 173 499 870
793 147 148 199 202 345 496 794 795
794 147 148 199 202 345 496 715 793 795
795 147 148 153 199 202 496 793 794
796 177 500 502 506 693
797 187 212 408 409 412 504
798 189 203 208 368
799 214 362 646 648 650 728 800
800 362 512 646 730 799
801 206 365 405 498 805
802 44 108 235 361 415 483 688
803 484 600 606
804 151 359 360 364 410 510 626
805 206 365 405 498 801
806 353 684 726 744 746 852
807 21 105 421 748 749 750
808 115 215 426 444 660 816
809 164 201 401 423 424 514 842
810 52 58 240 431 599 602 659 822 837
811 149 154 389 813 820 821
812 307 733 823
813 149 150 154 389 811 820 821
814 168 170 278 429 511 518 520 521 777 788 815
815 168 170 278 429 511 518 520 521 788 814
816 133 215 223 225 301 382 444 671 682 808
817 376 377 556 736
818 174 175 176 306 379 384 439 441 725
819 144 253 309 385 448 449 685 686
820 149 150 154 156 389 737 811 813 821
821 150 154 156 389 396 737 811 813 820
822 323 427 431 434 561 562 810
823 83 307 653 733 812
824 95 183 525 661 712
825 136 175 327 379 775
826 85 193 195 317 460 772
827 2 184 296 438 620 670 675 763 855 856
828 204 381 765
829 169 172 289 295 691 695 831 835
830 347 450 658
831 169 172 280 284 294 295 335 436 691 741 829
832 237 243 260 316 320 461 692 840
833 126 390 392 402 470
834 165 182 300 302 305 337 349 443 538 697
835 289 303 691 695 829
836 273 276 338 594 724 732
837 58 136 240 351 508 561 659 810
838 249 252 267 322 397 399 466 468 472 618
839 34 198 328 478 655 752 764
840 243 320 692 703 832
841 19 23 150 156 313 396 457 717 737 844
842 201 723 809 854
843 43 97 219 220 299 303 304 312 380 387 451 455 548 708
844 19 27 463 717 841
845 155 167 291 344 567 704 716
846 257 480 665 667 754
847 467 469
848 178 298 378 623 698 700
849 331 332 333 774
850 162 336 486 563 719 853
851 42 108 118 471 473 545 666 668
852 45 109 110 353 744 746 806
853 162 281 336 477 486 560 719 850 858
854 440 723 842 857
855 184 236 490 670 675 763 769 827 856
856 236 490 675 763 769 827 855
857 440 854
858 11 162 281 477 853
859 348 515 774 861
860 245 672 787
861 348 774 859
862 31 36 216 370 485 702 781 784
863 171 191 491 649 743 782 866
864 24 366 474 516 557 558 674 720 771 785
865 124 285 500 506 536 693 696 711 869
866 171 491 743 745 782 863
867 226 254 343 350 547 707 761
868 158 160 200 214 271 731 742
869 226 343 547 707 711 865
870 173 499 792
