1 5 85 86 185 257 282 283 307 314 317 350 480 553 554 571 572 653 665 667 733 734 735 812 823 846 867
2 19 27 184 236 296 438 484 489 570 600 606 614 620 670 675 717 763 769 790 803 827 844 855 856
3 117 119 122 155 167 173 210 279 291 292 344 365 405 448 498 567 642 643 664 703 704 716 801 805 845 870
4 16 90 97 120 121 194 197 220 299 303 304 310 312 362 363 371 380 387 388 403 416 451 453 455 512 566 597 604 617 629 656 708 728 730 731 783 799 800 835 843
5 1 85 86 163 185 282 283 307 317 350 460 480 553 554 571 572 653 665 667 733 734 735 812 823 826 846
6 25 31 36 38 88 99 100 102 244 311 376 395 420 425 556 559 575 588 589 613 677 681 736 751 817
7 10 13 65 106 112 114 239 241 354 358 367 398 400 432 447 462 464 609 612 756 773 778 780
8 11 28 104 186 188 206 281 315 356 357 403 428 430 446 497 503 640 701 753 789 801 858
9 14 63 111 113 193 195 317 321 370 460 485 511 568 702 754 772 777 781 784 826 854 857 862
10 7 13 26 72 106 112 114 143 205 358 367 369 398 414 462 464 476 505 718 756 773 778 780 791
11 8 90 104 162 186 188 281 336 356 357 363 371 388 403 428 430 477 497 503 512 560 652 656 719 783 789 853 858
12 136 323 327 427 431 434 508 561 562 565 810 822 825 837
13 7 10 26 73 106 112 114 205 358 367 398 400 414 462 464 476 505 718 756 773 778 780 791
14 9 63 111 113 193 195 216 257 317 321 370 429 460 480 485 511 518 520 521 610 665 667 754 772 777 781 784 788 814 815 826 846 862
15 89 91 103 107 115 288 328 412 426 444 478 488 564 593 655 660 662 776 779 808 839
16 4 97 120 121 194 197 258 299 303 304 312 362 363 371 380 388 403 430 451 453 455 512 566 596 597 604 617 629 656 730 783 800 829 835 843
17 105 123 190 192 421 487 582 584 676 680 807
18 128 147 148 153 199 202 274 345 354 367 398 400 407 432 492 496 555 592 715 747 773 793 794 795
19 2 23 27 41 127 150 156 184 296 313 396 437 457 463 484 489 513 573 580 600 636 670 717 737 803 841 844
20 98 126 146 171 187 191 211 212 308 374 386 390 392 408 409 418 419 470 504 522 601 603 657 689 782 797 833 863
21 22 32 51 105 203 322 368 399 421 466 468 472 618 628 748 749 750 807 838
22 21 32 51 105 189 203 309 322 368 385 397 399 421 466 468 472 598 618 628 685 748 749 750 798 807 819 838
23 19 27 41 127 150 154 156 313 396 417 437 457 463 489 513 573 580 717 737 803 820 821 841 844
24 101 137 139 366 474 516 557 558 624 673 674 684 720 726 771 785 864
25 6 99 100 102 129 132 140 326 331 332 333 395 406 420 575 607 613 616 619 625 677 681 751 765 849
26 10 13 76 106 112 114 141 143 205 334 340 358 369 372 414 476 479 505 577 718 778 780 791
27 2 19 23 41 127 156 184 296 313 396 438 463 484 489 513 580 600 606 620 636 670 675 717 763 803 827 841 844
28 8 104 186 188 206 228 297 315 318 319 357 365 428 446 498 503 640 664 701 714 753 770 789 801 805
29 89 91 115 133 135 215 223 225 268 269 301 314 316 382 426 444 461 465 478 611 653 671 682 808 816
30 108 136 175 176 265 327 379 384 439 441 471 473 517 519 523 545 581 666 668 725 775 818 825 851
31 6 36 38 88 92 100 216 217 244 370 425 485 556 559 575 588 589 644 645 663 677 702 781 784 862
32 21 22 51 189 203 249 252 322 368 385 397 399 421 466 468 472 618 628 685 748 749 750 798 807 838
33 34 55 56 124 177 198 207 285 328 478 488 500 502 506 605 655 693 696 752 764 796 839 865
34 33 56 124 185 198 207 328 343 465 478 500 502 506 605 655 693 696 752 764 796 839 865 869
35 37 159 169 172 258 294 295 315 318 319 330 334 335 340 356 357 436 446 503 527 541 552 596 597 639 641 654 687 701 714 741 760 831
36 6 31 38 88 92 99 100 113 216 217 244 329 370 420 425 485 556 559 575 588 589 644 645 663 677 702 781 784 862
37 35 159 169 172 258 294 295 315 318 330 334 335 356 357 403 436 446 503 541 552 596 597 639 641 654 701 714 741 760 831
38 6 31 36 88 92 99 100 216 217 244 329 370 420 425 485 556 559 575 588 589 644 658 663 677 681 702 781 784 862
39 165 182 218 247 250 259 300 302 305 308 324 337 339 349 374 375 383 418 419 435 442 443 522 635 678 697 713 766 834
40 43 57 219 220 246 289 299 303 304 312 380 387 451 453 455 482 548 608 691 695 708 829 835 843
41 19 23 27 127 261 417 437 484 489 513 580 600 606 690 694 717 803
42 44 108 118 134 138 145 235 265 361 411 413 441 471 473 481 483 532 545 666 668 683 802 851
43 40 57 62 97 219 220 246 289 299 303 304 310 312 380 387 445 451 453 455 482 548 608 695 708 835 843
44 42 49 108 118 134 138 145 235 238 262 265 361 411 413 415 441 471 473 481 483 532 545 666 668 683 688 802 851
45 109 110 116 196 213 273 276 290 338 353 474 516 627 684 724 726 729 732 744 746 785 806 836 852
46 47 48 49 82 232 235 238 287 288 341 361 408 409 415 483 491 504 549 564 649 683 688 782 797 802 863
47 46 48 49 82 138 232 235 238 287 288 361 408 409 415 483 491 504 549 564 649 683 688 782 802 863 866
48 46 47 49 82 134 138 235 238 287 361 408 409 413 415 483 491 504 549 649 683 688 782 802 863 866
49 44 46 47 48 82 134 138 235 238 262 287 361 408 409 413 415 483 491 504 549 649 683 688 782 802 863 866
50 79 80 151 173 209 229 230 234 344 352 359 360 364 410 494 499 507 509 510 615 626 642 643 755 757 786 792 804 870
51 21 22 32 189 203 322 368 397 399 421 466 468 472 618 628 748 749 750 807 838
52 58 236 240 323 351 431 475 490 508 525 561 570 576 579 599 602 614 659 769 790 810 822 837
53 67 162 215 223 225 237 256 260 301 316 336 382 444 477 486 497 652 660 671 682 719 808 816 850 853 858
54 55 56 152 161 166 177 232 238 306 341 373 422 502 524 630 633 651 669 738 739 776 779
55 33 54 56 166 177 232 270 341 373 422 488 500 502 524 630 633 651 655 669 738 739 764 776 779 796
56 33 34 54 55 177 232 341 373 422 488 500 502 506 524 630 633 655 669 738 739 764 776 779 796
57 40 43 62 219 220 246 299 303 304 310 312 380 387 394 416 445 455 548 608 708 758 759 843
58 52 136 236 240 323 351 427 431 434 475 508 525 561 562 570 576 579 599 602 614 659 810 822 837
59 61 147 199 227 248 249 252 253 309 342 345 385 397 399 448 449 496 533 535 537 623 638 685 686 747 793 794 795 819
60 64 66 83 163 229 230 251 272 307 320 359 360 410 510 551 626 632 642 643 804 812 823 840
61 59 147 199 227 248 249 252 253 309 342 345 385 397 399 448 449 496 533 535 537 638 685 686 747 793 794 795 819
62 43 57 101 246 310 380 387 394 416 445 608 622 624 679 708 758 759 767
63 9 14 68 111 168 170 193 195 226 254 257 278 317 350 429 480 511 518 520 521 547 610 665 667 754 761 772 777 784 788 814 815 826 846 867
64 60 66 79 80 155 167 229 230 251 272 291 320 344 360 410 510 551 626 632 642 643 703 704 716 804 840 845
65 7 106 239 241 354 367 398 400 407 447 462 464 609 612 756 773
66 60 64 79 80 151 163 229 230 251 272 344 359 360 410 510 551 626 632 642 643 804 812 845
67 53 162 215 223 225 231 256 301 325 336 382 402 426 444 470 477 486 660 662 671 682 719 808 816 850 853
68 63 149 154 168 170 226 254 257 343 350 389 429 511 518 520 521 547 610 665 667 707 711 754 761 788 811 813 814 815 820 821 846 867 869
69 134 138 145 233 411 413 481 493 495 683 699
70 158 160 165 182 271 275 300 302 305 337 339 346 349 366 474 516 538 673 674 679 697 720 742 771 785 834 864
71 85 86 87 151 163 282 283 317 321 359 360 364 440 460 510 544 553 554 804 826 854 857
72 10 73 96 178 199 274 277 298 342 345 358 367 432 476 479 540 574 592 698 700 718 747 773 778 780 791 848
73 13 72 96 128 178 199 274 342 345 358 367 398 432 476 540 574 592 698 700 715 747 773 778 780 791 848
74 81 161 166 177 184 270 285 286 296 373 438 463 502 534 536 587 636 670 675 693 738 739 796 827 844 855 856
75 77 88 92 170 216 217 278 376 377 452 454 456 458 459 530 542 543 556 559 644 645 663 721 740 817
76 26 141 143 159 205 330 334 340 369 372 414 479 505 577 578 585 586 590 718 741
77 75 92 168 170 216 217 278 355 376 377 452 454 456 458 459 530 542 543 556 644 645 663 721 722 727 740
78 147 148 153 202 249 252 253 267 322 397 399 468 472 492 496 546 647 793 794 795 838
79 50 64 66 80 167 173 229 230 234 251 279 344 359 360 364 410 499 507 509 510 626 642 643 716 757 792 804 845 870
80 50 64 66 79 167 173 209 229 230 234 279 344 359 364 410 494 499 507 509 510 626 642 643 716 755 757 786 792 804 845 870
81 74 152 161 166 177 184 270 286 296 373 438 463 490 587 636 670 675 738 739 763 827 844 855 856
82 46 47 48 49 134 138 171 191 287 288 361 408 409 415 483 491 504 549 564 649 683 782 797 802 863 866
83 60 135 251 268 269 272 307 314 316 320 461 551 632 653 733 735 812 823 832 840
84 142 157 164 201 329 347 393 401 450 514 583 658 723 809 828 830 842 854
85 1 5 71 86 87 151 163 193 195 282 283 317 321 360 460 480 510 553 554 665 733 772 812 823 826 846
86 1 5 71 85 87 163 193 195 282 283 317 321 460 480 553 554 571 665 733 754 772 812 823 826 846
87 71 85 86 151 163 282 283 317 321 359 360 364 440 460 510 544 553 554 804 826 854 857
88 6 31 36 38 75 92 99 100 216 244 311 376 377 420 425 556 559 575 588 589 644 645 663 677 702 736 817 862
89 15 29 91 103 115 133 135 185 198 207 301 314 328 426 444 465 478 488 593 611 655 752 764 808 816 839
90 4 11 162 194 197 266 281 336 362 363 371 388 403 430 486 512 560 563 646 648 656 719 730 783 799 800 850 853 858
91 15 29 89 103 107 115 133 135 198 207 301 314 328 426 444 465 478 488 593 611 655 752 764 808 816 839
92 31 36 38 75 77 88 216 217 278 376 377 452 454 456 530 556 559 589 644 645 663 736 740 817 862
93 95 180 183 255 427 431 434 475 525 591 595 710 712 824
94 196 259 273 276 324 338 594 709 713 729 732 836
95 93 180 183 255 431 475 525 576 579 591 595 661 710 712 824
96 72 73 178 205 274 277 298 342 358 367 369 372 378 476 479 527 540 574 592 687 698 700 718 747 778 780 791 848
97 4 16 43 120 121 194 197 214 219 220 246 299 303 304 310 312 362 363 371 380 387 388 416 451 453 455 512 548 566 604 617 629 656 708 728 730 731 783 799 800 835 843
98 20 126 146 171 191 218 247 250 308 374 375 383 386 418 419 433 435 504 522 601 603 689 743 745 766 782 863 866
99 6 25 36 38 88 100 102 140 244 311 326 329 395 406 420 425 575 588 589 613 658 677 681 751
100 6 25 31 36 38 88 99 102 140 244 311 395 420 425 556 559 575 588 589 613 658 677 681 702 751
101 24 62 394 445 557 622 624 673 674 679 720 758 759 767 771
102 6 25 99 100 129 132 140 244 311 326 332 333 395 406 420 425 575 588 589 613 616 619 658 677 681 751 830
103 15 89 91 107 115 187 211 212 231 288 412 426 478 488 564 593 657 660 662 776 779 797 808
104 8 11 28 186 188 206 258 281 315 356 357 388 403 428 430 446 497 503 541 656 701 753 760 789 858
105 17 21 22 123 190 192 203 208 368 421 487 582 584 615 748 749 750 798 807
106 7 10 13 26 65 112 114 358 367 398 400 462 464 505 609 718 756 773 778 780
107 15 91 103 287 288 328 341 408 409 412 426 478 488 564 593 655 669 776 779
108 30 42 44 118 235 238 262 265 361 411 413 415 439 441 471 473 481 483 519 523 532 545 666 668 688 802 851
109 45 110 116 182 196 273 276 290 300 302 338 353 474 516 697 724 726 729 732 744 746 785 806 836 852 864
110 45 109 116 196 213 273 276 290 338 353 474 516 697 724 726 729 732 744 746 785 806 836 852
111 9 14 63 113 193 195 216 217 317 321 370 460 485 511 518 568 610 702 754 772 777 781 784 826 857 862
112 7 10 13 26 106 114 143 205 358 367 398 414 462 464 505 718 756 778 780 791
113 9 14 36 111 193 195 244 321 329 370 485 568 702 772 777 781 784 826 854 857 862
114 7 10 13 26 106 112 358 367 398 400 462 464 505 609 718 756 773 778 780 791
115 15 29 89 91 103 133 135 215 223 225 231 301 328 382 426 444 465 478 488 593 611 660 662 671 682 808 816 839
116 45 109 110 196 213 273 276 290 338 353 724 729 732 744 746 806 836 852
117 3 119 122 155 167 173 206 210 222 228 279 291 292 344 365 405 498 567 664 703 704 716 768 770 801 805 845
118 42 44 108 265 411 413 441 471 473 481 483 517 523 532 545 666 668 802 851
119 3 117 122 144 155 167 173 210 222 228 279 291 292 344 365 405 448 498 567 664 703 704 716 768 770 801 805 845 870
120 4 16 97 121 169 172 194 197 219 220 258 289 294 295 299 303 304 312 356 362 363 371 380 388 403 436 451 453 455 566 596 597 604 617 629 656 691 695 730 783 829 831 835 843
121 4 16 97 120 169 172 194 197 219 220 258 289 294 295 299 303 304 312 356 363 371 380 388 403 436 451 453 455 596 597 604 617 629 656 691 695 760 783 829 831 835 843
122 3 117 119 144 167 173 210 222 227 228 279 291 344 365 405 448 449 498 567 664 704 716 768 770 801 805 845 870
123 17 105 190 192 421 487 582 584 672 676 680 762 807
124 33 34 185 198 207 285 286 328 343 350 500 502 506 534 536 605 655 693 696 707 711 752 764 796 839 865 869
125 130 131 204 381 515 607 621 625 847 859 861
126 20 98 146 187 191 211 212 231 247 308 325 386 390 392 402 419 470 528 529 601 603 657 662 689 797 833
127 19 23 27 41 150 154 156 313 396 417 437 489 513 531 573 580 717 737 803 821 841 844
128 18 73 147 148 153 199 202 239 241 274 345 354 367 398 400 407 432 496 555 592 715 747 756 773 778 793 794 795
129 25 102 130 131 132 140 204 326 331 332 333 381 395 406 607 613 616 619 625 681 765 774 828 849 859 861
130 125 129 131 132 140 204 347 381 515 607 616 619 621 625 765 828 847 849 859 861
131 125 129 130 132 204 381 515 607 616 619 621 625 765 828 847 859 861
132 25 102 129 130 131 140 204 326 331 332 333 381 406 607 613 616 619 621 625 765 774 828 849 859 861
133 29 89 91 115 135 215 223 225 237 256 260 268 269 301 314 316 382 444 461 465 611 653 671 682 808 816 832
134 42 44 48 49 69 82 138 145 171 233 411 413 415 481 483 491 493 495 532 649 683 745 782 802 866
135 29 83 89 91 115 133 215 223 225 237 256 260 268 269 301 314 316 382 444 461 465 611 653 671 682 692 808 816 832
136 12 30 58 174 175 176 240 327 351 379 384 441 490 508 519 523 561 562 581 659 725 775 810 818 825 837
137 24 139 213 290 353 516 558 627 684 720 726 744 746 785 806 852 864
138 42 44 47 48 49 69 82 134 145 171 233 411 413 415 481 483 491 493 495 532 549 649 683 743 745 782 802 863 866
139 24 137 366 474 516 557 558 627 684 720 726 744 746 771 785 806 852 864
140 25 99 100 102 129 130 132 326 331 332 333 395 406 420 575 607 613 616 619 625 658 677 681 765 830 849
141 26 76 143 205 334 340 369 372 414 479 505 577 578 585 586 590 718
142 84 164 201 244 329 347 401 450 514 568 658 723 809 830 842 854 857
143 10 26 76 112 141 205 334 340 369 372 414 479 505 577 578 585 586 718 791
144 119 122 173 189 227 248 253 279 309 385 397 448 449 499 533 535 537 598 685 686 792 798 819 870
145 42 44 69 134 138 233 411 413 481 483 493 495 532 683
146 20 98 126 171 187 191 211 212 247 250 308 374 375 386 390 392 418 419 435 504 522 601 603 689 743 766 782 797 833 863 866
147 18 59 61 78 128 148 153 199 202 249 274 342 345 407 432 492 496 555 592 647 715 747 773 793 794 795
148 18 78 128 147 153 199 202 267 274 345 407 432 492 496 546 555 592 647 715 747 793 794 795
149 68 150 154 156 168 170 278 389 396 429 437 456 511 518 520 521 530 547 573 580 610 737 761 788 811 813 814 815 820 821
150 19 23 127 149 154 156 313 389 396 437 457 489 536 573 580 717 737 811 813 820 821 841 844
151 50 66 71 85 87 163 229 283 321 359 360 364 410 440 460 507 509 510 526 544 553 626 786 804
152 54 81 161 166 174 175 176 270 306 373 384 422 438 439 490 524 587 630 633 651 725 738 739 818
153 18 78 128 147 148 199 202 267 274 345 407 432 492 496 546 555 647 715 747 793 794 795
154 23 68 127 149 150 156 168 170 313 389 396 429 437 457 520 521 530 531 547 573 580 737 788 811 813 815 820 821 841
155 3 64 117 119 167 230 243 251 272 291 292 320 344 405 498 550 567 632 640 642 643 692 703 704 716 801 805 840 845
156 19 23 27 127 149 150 154 313 389 396 437 457 463 489 536 573 580 717 737 811 813 820 821 841 844
157 84 164 179 181 201 293 391 393 401 423 424 450 469 501 514 539 583 809 828 842
158 70 160 165 200 214 271 275 305 337 339 346 416 528 529 631 635 648 650 728 731 742 799 868
159 35 37 76 169 172 280 284 294 295 330 334 335 340 436 541 577 578 585 586 590 634 637 639 641 691 741 760 829 831
160 70 158 165 200 214 271 275 337 339 346 416 528 529 631 635 646 648 650 728 731 742 799 868
161 54 74 81 152 166 174 175 176 270 306 373 384 422 438 439 490 524 587 630 633 651 725 738 739 818 855 856
162 11 53 67 90 223 256 281 336 430 477 486 497 512 560 563 652 719 783 850 853 858
163 5 60 66 71 85 86 87 151 251 282 283 317 321 359 360 410 460 510 553 554 626 733 804 812 823
164 84 142 157 179 181 201 293 347 391 393 401 423 424 450 514 539 583 723 809 842
165 39 70 158 160 182 200 271 275 300 302 305 337 339 346 349 442 443 538 631 635 697 742 766 834
166 54 55 74 81 152 161 174 176 177 270 296 306 373 384 422 438 439 490 524 587 630 633 651 725 738 739 818 855 856
167 3 64 79 80 117 119 122 155 173 229 230 251 279 291 292 344 405 498 567 632 642 643 703 704 716 845
168 63 68 77 149 154 170 216 217 278 389 429 456 511 518 520 521 530 573 610 644 645 761 777 788 811 813 814 815 820 821
169 35 37 120 121 159 172 258 280 284 289 294 295 303 330 335 436 482 586 590 596 597 604 634 637 641 691 695 741 760 829 831 835
170 63 68 75 77 149 154 168 216 217 278 389 429 456 511 518 520 521 530 610 644 645 754 761 777 788 811 813 814 815 820
171 20 82 98 134 138 146 191 233 308 375 408 418 419 433 435 491 495 504 522 549 649 683 699 743 745 782 863 866
172 35 37 120 121 159 169 280 284 289 294 295 330 335 436 482 585 586 590 596 597 604 634 637 641 691 695 741 760 829 831 835
173 3 50 79 80 117 119 122 144 167 189 229 234 279 344 448 449 499 567 598 642 643 716 792 845 870
174 136 152 161 166 175 176 262 306 327 351 373 379 384 422 439 441 490 519 524 633 651 725 738 775 818 825
175 30 136 152 161 174 176 262 265 306 327 351 379 384 439 441 490 508 519 523 545 581 651 725 775 818 825
176 30 136 152 161 166 174 175 235 262 265 306 327 351 379 384 439 441 490 508 519 545 651 725 775 818 825
177 33 54 55 56 74 81 166 270 285 286 296 373 422 438 457 463 500 502 506 534 536 587 630 633 636 693 696 738 739 796 865
178 72 73 96 222 277 297 298 318 319 342 378 476 479 527 540 552 574 623 654 687 698 700 714 768 770 791 848
179 157 164 181 293 391 393 467 469 501 539 583 762
180 93 95 183 255 475 525 591 595 710 712 824
181 157 164 179 293 391 393 401 423 424 467 469 501 514 539 583 762 809
182 39 70 109 165 273 275 300 302 305 337 339 346 349 442 443 474 516 538 697 724 766 785 834
183 93 95 180 255 475 525 576 579 591 595 661 710 712 824
184 2 19 27 74 81 236 296 438 463 484 489 490 587 600 606 614 620 636 670 675 717 763 769 790 803 827 844 855 856
185 1 5 34 89 124 198 207 269 307 314 343 350 465 571 572 605 653 734 735 752 823 839
186 8 11 28 104 188 206 281 315 356 357 428 430 446 477 497 503 550 640 652 753 789 801 805 858
187 20 103 126 146 191 211 212 231 287 288 408 409 412 470 504 564 601 603 657 662 797 833
188 8 11 28 104 186 206 315 356 357 365 428 446 497 503 550 640 753 789 801 805
189 22 32 51 144 173 192 203 208 209 309 322 368 421 448 449 466 468 499 598 618 748 749 750 755 792 798 819 870
190 17 105 123 192 203 208 368 421 487 582 584 748 749 750 807
191 20 82 98 126 146 171 187 211 212 308 374 408 409 418 419 435 491 504 522 549 601 603 649 743 745 782 797 863 866
192 17 105 123 189 190 203 208 209 368 421 487 582 584 615 748 749 755 757 787 798 807 860
193 9 14 63 85 86 111 113 195 257 317 321 370 429 460 480 485 511 518 520 553 554 610 665 667 754 772 777 781 784 814 826 846
194 4 16 90 97 120 121 197 258 299 303 304 312 356 362 363 371 388 403 430 451 453 455 512 560 566 596 597 604 617 629 656 730 783 800 835 843
195 9 14 63 85 86 111 113 193 257 282 317 321 370 429 460 480 485 511 518 520 553 554 568 610 665 667 754 772 777 781 784 826 846
196 45 94 109 110 116 273 276 290 338 353 594 724 729 732 836 852
197 4 16 90 97 120 121 194 258 295 303 304 312 356 357 362 363 371 388 403 428 430 436 451 453 455 503 512 560 596 597 604 617 629 656 760 783 829 835
198 33 34 89 91 124 185 207 314 328 343 465 478 500 506 572 605 655 752 764 796 839
199 18 59 61 72 73 128 147 148 153 202 274 342 345 367 398 407 432 492 496 555 592 638 715 747 773 778 793 794 795
200 158 160 165 214 271 275 310 339 346 394 416 528 529 566 631 635 646 648 650 728 730 731 742 799 800 868
201 84 142 157 164 329 347 401 423 424 440 450 514 526 544 568 583 723 809 842 854 857
202 18 78 128 147 148 153 199 274 345 354 407 432 492 496 555 592 647 715 747 773 793 794 795
203 21 22 32 51 105 189 190 192 208 322 368 421 466 468 472 598 618 628 748 749 750 798 807 838
204 125 129 130 131 132 347 381 467 469 539 583 607 616 619 621 625 765 828 847
205 10 13 26 76 96 112 141 143 334 340 358 369 372 414 476 479 505 527 577 578 585 654 718 780 791
206 8 28 104 117 186 188 222 228 297 315 318 319 365 405 446 498 567 640 664 753 770 789 801 805
207 33 34 89 91 124 185 198 314 328 343 350 465 478 500 506 571 572 605 655 734 735 752 764 839 865 869
208 105 189 190 192 203 209 234 352 368 421 487 494 499 582 584 615 755 757 786 787 792 798 860 870
209 50 80 189 192 208 234 352 368 421 494 499 507 509 582 584 615 755 757 786 787 792 798 860 870
210 3 117 119 122 222 227 228 248 279 297 298 365 405 448 449 498 533 537 567 623 638 664 768 770 805 848
211 20 103 126 146 187 191 212 231 325 386 408 409 412 470 504 564 601 603 657 660 662 797 833
212 20 103 126 146 187 191 211 231 325 386 390 408 409 412 470 504 564 601 603 657 660 662 797 833
213 45 110 116 137 290 353 627 684 726 744 746 806 852
214 97 158 160 200 271 275 310 346 362 416 529 566 617 631 646 648 650 728 730 731 742 799 800 868
215 29 53 67 115 133 135 223 225 231 256 301 336 382 426 444 477 486 611 652 660 662 671 682 808 816 850 853
216 14 31 36 38 75 77 88 92 111 168 170 217 278 370 456 485 511 518 520 530 556 559 644 645 663 702 777 781 784 788 814 815 862
217 31 36 38 75 77 92 111 168 170 216 278 370 456 485 511 518 520 521 530 556 559 610 644 645 663 702 777 781 784 788 814 815 862
218 39 98 247 250 259 300 302 305 308 324 337 349 374 375 383 418 419 433 435 442 443 522 678 713 766 834
219 40 43 57 97 120 121 220 246 289 299 303 304 310 312 380 387 451 453 455 482 548 608 617 629 691 695 708 829 835 843
220 4 40 43 57 97 120 121 219 246 289 299 303 304 310 312 380 387 416 445 451 453 455 482 548 566 608 617 629 695 708 829 835 843
221 224 404 570 600 606 690 694
222 117 119 122 178 206 210 227 228 248 297 298 319 365 378 405 448 498 533 537 623 638 664 768 770 805 848
223 29 53 67 115 133 135 162 215 225 237 256 260 301 316 336 382 426 444 461 477 486 611 652 660 671 682 808 816 850 853 858
224 221 404 570 600 606 661 694 790
225 29 53 67 115 133 135 215 223 231 237 256 260 301 316 336 382 426 444 477 486 611 652 660 671 682 808 816 850 853
226 63 68 254 257 313 343 350 389 429 457 520 521 536 547 572 605 610 665 667 696 707 711 761 788 811 813 820 821 846 865 867 869
227 59 61 122 144 210 222 228 248 252 253 298 309 342 385 448 449 533 535 537 598 623 638 664 685 686 768 819
228 28 117 119 122 206 210 222 227 248 297 298 318 319 365 378 405 498 537 567 623 664 768 770 801 805 848
229 50 60 64 66 79 80 151 167 173 230 234 251 344 359 360 364 410 499 507 509 510 626 632 642 643 716 804 845
230 50 60 64 66 79 80 155 167 229 234 251 344 359 360 364 410 507 509 510 626 632 642 643 716 804 845
231 67 103 115 126 187 211 212 215 225 325 382 402 412 426 470 486 601 603 657 660 662 808 816 833 850
232 46 47 54 55 56 235 238 262 306 341 361 415 422 439 524 630 633 651 669 688 776 779
233 69 134 138 145 171 324 433 435 491 493 495 569 699 743 745 866
234 50 79 80 173 208 209 229 230 344 352 364 410 494 499 507 509 615 626 642 643 755 757 786 792 804 870
235 42 44 46 47 48 49 108 176 232 238 262 265 306 361 379 384 415 439 441 483 519 524 545 651 666 668 688 802 818 851
236 2 52 58 184 240 296 351 438 484 490 570 579 599 602 614 620 659 670 675 763 769 790 827 837 855 856
237 53 133 135 223 225 243 256 260 301 316 320 382 461 477 497 550 640 652 671 682 692 789 816 832 840 858
238 44 46 47 48 49 54 108 232 235 262 265 306 361 384 415 439 441 483 519 524 545 633 651 668 669 688 802 818
239 7 65 128 241 354 367 398 400 407 432 447 464 555 609 612 756 773
240 52 58 136 236 323 351 431 490 508 561 562 570 576 579 599 602 614 659 769 790 810 822 837 856
241 7 65 128 239 354 398 400 407 447 464 555 609 612 756 773
242 245 352 364 401 423 424 440 494 507 509 514 526 544 615 672 786 787 809 842 860
243 155 237 256 260 292 316 320 461 477 497 550 640 652 671 692 703 704 789 832 840
244 6 31 36 38 88 99 100 102 113 142 329 420 425 485 568 575 588 589 658 677 681 702 781 830 862
245 242 352 393 401 423 424 494 509 514 526 544 584 615 672 676 762 786 787 809 842 860
246 40 43 57 62 97 219 220 299 304 310 380 387 394 416 445 455 548 566 608 622 679 708 758 759 767 843
247 39 98 126 146 218 250 305 308 337 339 346 349 374 375 386 390 392 418 419 443 522 528 529 601 631 635 689 766 833
248 59 61 144 210 222 227 228 252 253 298 309 342 345 385 397 448 449 533 535 537 598 623 638 685 686 768 819 848
249 32 59 61 78 147 252 253 267 309 322 345 385 397 399 466 468 472 492 496 535 546 618 638 647 685 686 793 794 795 819 838
250 39 98 146 218 247 300 302 305 308 337 339 346 349 374 375 386 390 392 418 419 442 443 522 528 529 631 635 689 766 834
251 60 64 66 79 83 155 163 167 229 230 272 320 344 360 410 510 551 626 632 642 643 703 704 804 812 840 845
252 32 59 61 78 227 248 249 253 267 309 322 345 385 397 399 449 466 468 472 492 496 533 535 546 618 638 647 685 686 793 794 795 819 838
253 59 61 78 144 227 248 249 252 267 309 322 345 385 397 399 448 449 466 468 492 496 533 535 537 546 598 618 638 647 685 686 793 794 795 819 838
254 63 68 226 257 343 350 389 429 480 511 518 520 521 547 571 572 610 665 667 707 711 754 761 788 811 813 814 815 820 821 846 867 869
255 93 95 180 183 475 525 591 595 661 710 712 824
256 53 67 133 135 162 215 223 225 237 243 260 301 316 336 382 444 461 477 486 497 550 611 652 671 682 692 808 816 832 853 858
257 1 14 63 68 193 195 226 254 317 350 429 480 511 518 520 521 547 571 610 665 667 707 754 761 772 777 788 814 815 826 846 867
258 16 35 37 104 120 121 169 194 197 294 295 315 330 335 356 357 363 371 388 403 428 430 436 446 503 541 596 597 604 629 641 656 701 760 829 831
259 39 94 218 300 302 324 338 374 375 383 433 435 442 443 522 569 594 678 709 713 836
260 53 133 135 223 225 237 243 256 301 316 320 382 461 477 497 550 640 652 671 682 692 789 816 832 840 858
261 41 263 264 355 417 513 531 690 705 706 727
262 44 49 108 174 175 176 232 235 238 265 306 361 379 384 415 439 441 483 519 524 545 633 651 668 688 802 818
263 261 264 355 452 458 459 531 542 543 705 706 721 722 727
264 261 263 355 417 458 459 531 542 543 705 706 721 722 727
265 30 42 44 108 118 175 176 235 238 262 306 361 379 384 413 415 439 441 471 473 481 483 519 523 532 545 581 651 666 668 688 802 818 851
266 90 325 336 362 390 392 402 470 512 528 529 563 631 646 648 650 719 799 800 833 850 868
267 78 148 153 249 252 253 322 385 397 399 466 468 472 492 496 546 618 628 647 685 793 794 795 838
268 29 83 133 135 269 272 301 307 314 316 320 461 465 551 611 632 653 692 812 823 832 840
269 29 83 133 135 185 268 272 301 307 314 316 320 444 461 465 551 611 653 692 812 823 832
270 55 74 81 152 161 166 177 285 286 296 373 422 438 463 500 502 534 587 630 633 636 670 693 738 739 796 827 844 855 856
271 70 158 160 165 200 214 275 310 337 339 346 394 416 631 635 679 728 731 742 799 868
272 60 64 66 83 155 251 268 269 307 316 320 461 551 632 653 692 812 823 832 840
273 45 94 109 110 116 182 196 276 300 302 338 349 353 442 443 474 516 594 697 724 729 732 785 806 836 852
274 18 72 73 96 128 147 148 153 199 202 342 345 367 398 400 432 496 540 555 574 592 698 715 747 773 778 780 793 794 795
275 70 158 160 165 182 200 214 271 305 337 339 346 349 394 538 631 635 673 674 679 742 834 868
276 45 94 109 110 116 196 273 300 302 338 353 442 443 474 516 594 697 713 724 729 732 785 836 852
277 72 96 178 297 298 318 319 334 340 369 372 378 476 479 527 540 552 574 623 639 654 687 698 700 714 791 848
278 63 75 77 92 149 168 170 216 217 370 389 429 452 456 511 518 520 521 530 542 543 610 644 645 663 777 784 788 814 815 862
279 3 79 80 117 119 122 144 167 173 210 291 344 405 448 449 498 499 567 598 642 643 664 716 792 845 870
280 159 169 172 284 289 294 295 330 335 436 482 578 585 586 590 596 634 637 641 691 695 741 829 831 835
281 8 11 90 104 162 186 336 356 363 371 388 403 428 430 477 486 497 503 512 560 563 652 656 719 783 850 853 858
282 1 5 71 85 86 87 163 195 283 307 317 321 360 460 480 510 553 554 571 733 812 823 826 846
283 1 5 71 85 86 87 151 163 282 317 321 359 360 410 460 480 510 553 554 733 804 812 826
284 159 169 172 280 289 294 295 330 334 335 436 482 577 578 585 586 590 634 637 641 691 695 741 829 831 835
285 33 74 124 177 270 286 313 343 396 438 457 463 500 502 506 534 536 587 636 693 696 711 739 796 841 844 865 869
286 74 81 124 177 270 285 296 313 373 438 457 463 500 502 506 534 536 587 636 693 696 738 739 796 841 844 865
287 46 47 48 49 82 107 187 288 341 408 409 412 415 504 549 564 649 669 776 779 782 797
288 15 46 47 82 103 107 187 287 341 408 409 412 488 504 549 564 593 657 669 776 779 797
289 40 43 120 121 169 172 219 220 280 284 294 295 299 303 304 312 380 436 451 453 455 482 548 596 597 604 629 634 637 691 695 829 831 835 843
290 45 109 110 116 137 196 213 353 627 684 726 744 746 806 852
291 3 64 117 119 122 155 167 279 292 320 344 365 405 498 567 632 640 642 643 664 703 704 716 801 805 840 845
292 3 117 119 155 167 243 291 320 365 405 498 550 567 632 640 692 703 704 716 789 801 805 832 840 845
293 157 164 179 181 381 391 393 467 469 501 539 583 847
294 35 37 120 121 159 169 172 258 280 284 289 295 330 335 436 541 585 586 590 596 597 604 634 637 639 641 691 695 701 741 760 829 831 835
295 35 37 120 121 159 169 172 197 258 280 284 289 294 330 335 436 541 586 590 596 597 604 629 634 637 641 656 691 695 701 741 760 829 831 835
296 2 19 27 74 81 166 177 184 236 270 286 438 463 490 587 620 636 670 675 717 738 739 763 769 827 844 855 856
297 28 178 206 210 222 228 277 298 318 319 378 527 540 552 623 639 654 664 687 698 700 714 768 770 848
298 72 96 178 210 222 227 228 248 277 297 318 319 342 378 527 533 537 540 552 574 623 638 654 664 687 698 700 714 768 770 848
299 4 16 40 43 57 97 120 121 194 219 220 246 289 303 304 310 312 380 387 416 451 453 455 548 566 604 608 617 629 695 708 728 730 835 843
300 39 70 109 165 182 218 250 259 273 276 302 305 337 339 346 349 375 383 442 443 538 678 697 713 724 766 834 836
301 29 53 67 89 91 115 133 135 215 223 225 237 256 260 268 269 316 382 426 444 461 611 652 660 671 682 808 816 832
302 39 70 109 165 182 218 250 259 273 276 300 305 337 338 349 383 442 443 474 538 678 697 713 724 732 766 834 836
303 4 16 40 43 57 97 120 121 169 194 197 219 220 289 299 304 310 312 380 387 451 453 455 548 566 596 597 604 617 629 656 691 695 708 730 829 835 843
304 4 16 40 43 57 97 120 121 194 197 219 220 246 289 299 303 310 312 380 387 416 451 453 455 548 566 596 597 604 608 617 629 691 695 708 730 829 835 843
305 39 70 158 165 182 218 247 250 275 300 302 337 339 346 349 442 443 538 631 635 689 697 742 766 834
306 54 152 161 166 174 175 176 232 235 238 262 265 373 379 384 422 439 441 490 519 524 545 630 633 651 688 725 738 775 818
307 1 5 60 83 185 268 269 272 282 314 551 554 571 572 653 733 734 735 812 823
308 20 39 98 126 146 171 191 218 247 250 374 375 386 390 392 418 419 435 522 528 601 603 635 689 743 766 863
309 22 59 61 144 189 227 248 249 252 253 322 385 397 399 448 449 466 533 535 537 598 638 685 686 819 870
310 4 43 57 62 97 200 214 219 220 246 271 299 303 304 312 380 387 394 416 445 451 455 548 566 608 617 679 708 728 730 731 758 759 767 843
311 6 88 99 100 102 326 395 559 575 588 589 613 677 681 736 751 817
312 4 16 40 43 57 97 120 121 194 197 219 220 289 299 303 304 310 363 380 387 416 451 453 455 548 566 596 597 604 617 629 656 691 695 708 730 829 835 843
313 19 23 27 127 150 154 156 226 285 286 389 396 457 463 534 536 547 573 580 636 693 696 707 711 717 737 811 813 820 821 841 844 865 869
314 1 29 83 89 91 133 135 185 198 207 268 269 307 328 465 571 572 605 611 653 734 735 752 823 839
315 8 28 35 37 104 186 188 206 258 318 319 356 357 403 428 446 503 541 552 639 641 701 714 753 760
316 29 53 83 133 135 223 225 237 243 256 260 268 269 272 301 320 382 461 550 551 611 640 652 653 671 682 692 816 832 840
317 1 5 9 14 63 71 85 86 87 111 163 193 195 257 282 283 321 460 480 553 554 571 610 665 667 733 754 772 826 846
318 28 35 37 178 206 228 277 297 298 315 319 357 365 378 446 527 541 552 623 639 654 687 701 714 753 768 770 848
319 28 35 178 206 222 228 277 297 298 315 318 378 446 527 541 552 623 639 654 664 687 700 701 714 753 768 770 848
320 60 64 83 155 237 243 251 260 268 269 272 291 292 316 461 550 551 632 640 692 703 704 832 840
321 9 14 71 85 86 87 111 113 151 163 193 195 282 283 317 440 460 553 554 568 772 826 854 857
322 21 22 32 51 78 189 203 249 252 253 267 309 385 397 399 466 468 472 546 618 628 647 685 686 748 749 750 819 838
323 12 52 58 240 427 431 434 475 508 561 562 565 599 602 659 810 822 837
324 39 94 218 233 259 375 383 433 435 442 443 522 569 594 678 699 709 713 745
325 67 126 211 212 231 266 336 390 392 402 470 486 528 529 563 601 603 646 648 650 660 662 719 833 850
326 25 99 102 129 132 140 311 331 332 333 395 406 607 613 625 681 751 774 849
327 12 30 136 174 175 176 351 379 384 439 441 471 473 508 517 519 523 561 562 581 725 775 818 825 837
328 15 33 34 89 91 107 115 124 198 207 314 465 478 488 506 593 605 655 752 764 839
329 36 38 84 99 113 142 201 244 347 420 425 450 568 658 677 681 702 723 781 830
330 35 37 76 159 169 172 258 280 284 294 295 334 335 340 372 436 541 552 577 578 585 586 590 596 634 637 639 641 654 691 701 741 760 829 831
331 25 129 132 140 326 332 333 348 406 607 613 621 625 774 849 859 861
332 25 102 129 132 140 326 331 333 395 406 607 613 625 774 849 861
333 25 102 129 132 140 326 331 332 395 406 607 613 625 774 849 859 861
334 26 35 37 76 141 143 159 205 277 284 330 335 340 369 372 414 479 527 541 552 577 578 585 586 590 639 641 654 687 714 741
335 35 37 159 169 172 258 280 284 294 295 330 334 340 436 541 577 578 585 586 590 596 597 634 637 639 641 691 695 701 741 760 829 831
336 11 53 67 90 162 215 223 225 256 266 281 325 402 477 486 512 560 563 652 671 682 719 850 853 858
337 39 70 158 160 165 182 218 247 250 271 275 300 302 305 339 346 349 442 443 538 631 635 697 742 766 834
338 45 94 109 110 116 196 259 273 276 302 442 594 709 713 724 729 732 836
339 39 70 158 160 165 182 200 247 250 271 275 300 305 337 346 349 443 528 529 538 631 635 689 697 742 766 834 868
340 26 35 76 141 143 159 205 277 330 334 335 369 372 414 476 479 527 541 552 577 578 585 586 590 639 641 654 687 714 718 741 791
341 46 54 55 56 107 232 287 288 422 488 524 564 593 630 633 651 669 776 779
342 59 61 72 73 96 147 178 199 227 248 274 298 345 432 496 533 535 537 540 574 592 623 638 698 700 715 747 768 793 794 848
343 34 68 124 185 198 207 226 254 285 350 457 500 506 536 547 571 572 605 667 693 696 707 711 734 735 752 761 865 867 869
344 3 50 64 66 79 80 117 119 122 155 167 173 229 230 234 251 279 291 405 499 567 626 642 643 703 704 716 792 845 870
345 18 59 61 72 73 128 147 148 153 199 202 248 249 252 253 274 342 432 496 533 535 537 555 574 592 638 685 686 698 715 747 793 794 795
346 70 158 160 165 182 200 214 247 250 271 275 300 305 337 339 349 390 392 528 529 538 631 635 650 689 742 766 834 868
347 84 130 142 164 201 204 329 381 420 450 583 616 619 658 723 765 828 830
348 331 515 607 621 625 774 849 859 861
349 39 70 165 182 218 247 250 273 275 300 302 305 337 339 346 442 443 474 538 635 697 724 766 834 836
350 1 5 63 68 124 185 207 226 254 257 343 429 480 547 571 572 605 610 665 667 707 711 734 735 761 846 865 867 869
351 52 58 136 174 175 176 236 240 327 490 508 561 599 602 614 659 725 769 775 810 822 825 837 855 856
352 50 208 209 234 242 245 364 423 424 494 507 509 526 544 584 615 672 755 757 786 787 860
353 45 109 110 116 137 196 213 273 276 290 516 627 684 724 726 729 732 744 746 785 806 852
354 7 18 65 128 202 239 241 367 398 400 407 432 447 555 609 612 715 756 773
355 77 261 263 264 437 452 458 459 531 542 543 705 706 721 722 727
356 8 11 35 37 104 120 121 186 188 194 197 258 281 315 357 363 371 388 403 428 430 436 446 503 541 596 597 604 629 641 656 701 753 760
357 8 11 28 35 37 104 186 188 197 258 315 318 356 371 388 403 428 430 436 446 503 541 596 597 604 639 641 656 701 714 753 760
358 7 10 13 26 72 73 96 106 112 114 205 367 369 372 398 414 432 462 476 479 540 574 592 698 700 718 756 773 778 780 791
359 50 60 66 71 79 80 87 151 163 229 230 283 360 364 410 440 507 509 510 526 544 626 786 804
360 50 60 64 66 71 79 85 87 151 163 229 230 251 282 283 359 364 410 440 460 507 509 510 544 553 626 643 804
361 42 44 46 47 48 49 82 108 232 235 238 262 265 413 415 439 441 483 532 545 549 651 666 668 683 688 802 851
362 4 16 90 97 120 194 197 214 266 363 371 388 416 451 453 455 512 560 563 566 617 629 646 648 650 719 728 730 731 783 799 800 868
363 4 11 16 90 97 120 121 194 197 258 281 312 356 362 371 388 403 428 430 451 453 455 503 512 560 563 566 596 597 604 617 629 656 719 730 783 800
364 50 71 79 80 87 151 229 230 234 242 352 359 360 410 440 494 507 509 510 526 544 626 757 786 804
365 3 28 117 119 122 188 206 210 222 228 291 292 318 405 446 498 567 640 664 703 704 753 768 770 789 801 805
366 24 70 139 474 516 538 557 558 624 673 674 684 697 720 726 771 785 864
367 7 10 13 18 65 72 73 96 106 112 114 128 199 239 274 354 358 398 400 432 462 464 540 574 592 609 715 747 756 773 778 780 791
368 21 22 32 51 105 189 190 192 203 208 209 421 466 468 582 584 598 615 618 628 748 749 750 755 792 798 807
369 10 26 76 96 141 143 205 277 334 340 358 372 414 476 479 505 527 540 552 577 578 585 586 639 654 687 718 791
370 9 14 31 36 38 111 113 193 195 216 217 278 425 456 485 511 518 568 610 644 663 702 754 772 777 781 784 814 862
371 4 11 16 90 97 120 121 194 197 258 281 356 357 362 363 388 403 428 430 451 453 455 503 512 560 563 596 597 604 617 629 656 719 730 783 800
372 26 76 96 141 143 205 277 330 334 340 358 369 414 476 479 527 552 577 578 585 586 639 654 687 718 791
373 54 55 56 74 81 152 161 166 174 177 270 286 306 384 422 438 502 524 587 630 633 636 651 738 739 796
374 20 39 98 146 191 218 247 250 259 308 375 383 386 418 419 433 435 442 443 522 635 678 689 743 745 766
375 39 98 146 171 218 247 250 259 300 308 324 374 383 418 419 433 435 442 443 522 678 713 743 745 766
376 6 75 77 88 92 377 452 454 456 556 559 588 589 644 645 663 721 736 740 817
377 75 77 88 92 376 452 454 456 556 559 588 589 644 645 663 721 736 740 817
378 96 178 222 228 277 297 298 318 319 476 479 527 540 552 574 623 639 654 687 698 700 714 768 770 848
379 30 136 174 175 176 235 262 265 306 327 384 439 441 471 473 508 519 523 545 581 668 725 775 818 825 851
380 4 16 40 43 57 62 97 120 121 219 220 246 289 299 303 304 310 312 387 416 445 451 453 455 548 566 608 617 629 708 730 835 843
381 125 129 130 131 132 204 293 347 467 469 539 583 607 616 619 621 625 765 828 847
382 29 53 67 115 133 135 215 223 225 231 237 256 260 301 316 426 444 461 477 486 611 652 660 671 682 808 816
383 39 98 218 259 300 302 324 374 375 418 419 433 435 442 443 522 678 699 713 743 745 766
384 30 136 152 161 166 174 175 176 235 238 262 265 306 327 373 379 422 439 441 490 519 524 545 633 651 725 738 775 818 825
385 22 32 59 61 144 227 248 249 252 253 267 309 322 397 399 448 449 466 468 496 533 535 537 598 618 638 685 686 793 794 795 819 838
386 20 98 126 146 211 212 247 250 308 374 390 392 402 418 419 470 528 529 601 603 631 635 650 689 766 833
387 4 40 43 57 62 97 219 220 246 299 303 304 310 312 380 394 416 445 451 453 455 548 566 608 617 708 728 730 731 758 759 767 843
388 4 11 16 90 97 104 120 121 194 197 258 281 356 357 362 363 371 403 428 430 436 451 453 455 503 512 560 596 597 604 629 656 760 783
389 68 149 150 154 156 168 170 226 254 278 313 396 429 437 457 518 520 521 530 547 573 580 737 761 788 811 813 814 815 820 821 841
390 20 126 146 212 247 250 266 308 325 346 386 392 402 470 528 529 601 603 631 635 646 648 650 689 766 833
391 157 164 179 181 293 393 401 423 424 469 501 514 539 583 762 809
392 20 126 146 247 250 266 308 325 346 386 390 402 470 528 529 601 603 631 635 648 650 689 766 833
393 84 157 164 179 181 245 293 391 401 423 424 450 469 501 514 539 583 762 809
394 57 62 101 200 246 271 275 310 387 416 445 608 622 624 673 674 679 731 742 758 759 767
395 6 25 99 100 102 129 140 311 326 332 333 406 420 575 588 589 613 677 681 751 849
396 19 23 27 127 149 150 154 156 285 313 389 437 457 463 489 534 536 573 580 636 717 737 811 813 820 821 841 844
397 22 32 51 59 61 78 144 248 249 252 253 267 309 322 385 399 448 449 466 468 472 496 533 535 546 598 618 628 638 647 685 686 748 793 794 795 819 838
398 7 10 13 18 65 73 106 112 114 128 199 239 241 274 354 358 367 400 407 432 447 462 464 555 592 609 612 715 747 756 773 778 780
399 21 22 32 51 59 61 78 249 252 253 267 309 322 385 397 466 468 472 492 496 535 546 618 628 647 685 686 748 749 750 793 794 795 819 838
400 7 13 18 65 106 114 128 239 241 274 354 367 398 407 432 447 462 464 555 592 609 612 715 747 756 773 778 780
401 84 142 157 164 181 201 242 245 391 393 423 424 450 514 526 539 583 723 809 842
402 67 126 231 266 325 336 386 390 392 470 486 528 529 563 601 603 631 646 648 650 689 719 799 833 850
403 4 8 11 16 37 90 104 120 121 194 197 258 281 315 356 357 363 371 388 428 430 436 451 453 503 512 560 596 597 604 629 656 701 760 783
404 221 224 484 570 600 606 620 694 790 803
405 3 117 119 122 155 167 206 210 222 228 279 291 292 344 365 498 567 640 664 703 704 716 768 770 801 805 845
406 25 99 102 129 132 140 326 331 332 333 395 420 607 613 616 625 677 681 751 774 849
407 18 65 128 147 148 153 199 202 239 241 354 398 400 432 492 555 715 773
408 20 46 47 48 49 82 107 171 187 191 211 212 287 288 409 412 415 491 504 549 564 649 657 782 797 863
409 20 46 47 48 49 82 107 187 191 211 212 287 288 408 412 415 504 549 564 649 657 776 782 797 863
410 50 60 64 66 79 80 151 163 229 230 234 251 283 359 360 364 507 509 510 626 632 642 643 804
411 42 44 69 108 118 134 138 145 413 481 483 493 532 666 668 683 802
412 15 103 107 187 211 212 231 287 288 408 409 426 488 504 564 593 657 662 776 779 797
413 42 44 48 49 69 108 118 134 138 145 265 361 411 415 481 483 491 493 495 532 666 668 683 802
414 10 13 26 76 112 141 143 205 334 340 358 369 372 505 577 578 585 718 791
415 44 46 47 48 49 82 108 134 138 232 235 238 262 265 287 361 408 409 413 483 491 549 649 683 688 782 802
416 4 57 62 97 158 160 200 214 220 246 271 299 304 310 312 362 380 387 394 451 453 455 566 617 708 728 730 731 742 758 759 799 800 843 868
417 23 41 127 261 264 437 489 513 531 580 690 705 706 803
418 20 39 98 146 171 191 218 247 250 308 374 375 383 386 419 433 435 522 678 743 745 766 782 863 866
419 20 39 98 126 146 171 191 218 247 250 308 374 375 383 386 418 433 435 522 601 603 678 689 743 745 766 782 863 866
420 6 25 36 38 88 99 100 102 140 244 329 347 395 406 425 575 588 589 613 616 658 677 681 830
421 17 21 22 32 51 105 123 189 190 192 203 208 209 368 487 582 584 615 748 749 750 798 807
422 54 55 56 152 161 166 174 177 232 270 306 341 373 384 439 502 524 587 630 633 651 669 738 739 776 779
423 157 164 181 201 242 245 352 391 393 401 424 440 514 526 544 583 672 762 787 809 842 860
424 157 164 181 201 242 245 352 391 393 401 423 440 514 526 544 583 672 723 786 787 809 842 860
425 6 31 36 38 88 99 100 102 244 329 370 420 556 559 575 588 589 658 663 677 681 702 781 862
426 15 29 67 89 91 103 107 115 215 223 225 231 301 382 412 444 478 488 593 611 657 660 662 808 816
427 12 58 93 323 431 434 475 525 561 562 565 591 595 599 810 822
428 8 11 28 104 186 188 197 258 281 315 356 357 363 371 388 403 430 446 503 541 656 701 753 760 789 858
429 14 63 68 149 154 168 170 193 195 226 254 257 278 350 389 511 518 520 521 530 547 610 665 667 707 754 761 772 777 788 811 813 814 815 820 821 846 867
430 8 11 16 90 104 162 186 194 197 258 281 356 357 363 371 388 403 428 503 512 560 563 604 656 719 783 853 858
431 12 52 58 93 95 240 323 427 434 475 508 525 561 562 565 576 579 591 595 599 602 659 810 822 837
432 7 18 72 73 128 147 148 153 199 202 239 274 342 345 354 358 367 398 400 407 555 574 592 715 747 756 773 778 780 793 794 795
433 98 171 218 233 259 324 374 375 383 418 419 435 493 495 522 678 699 713 743 745 863 866
434 12 58 93 323 427 431 475 525 561 562 565 576 591 595 599 602 810 822
435 39 98 146 171 191 218 233 259 308 324 374 375 383 418 419 433 495 522 678 699 713 743 745 782 863 866
436 35 37 120 121 159 169 172 197 258 280 284 289 294 295 330 335 356 357 388 403 453 541 590 596 597 604 629 641 656 691 695 701 741 760 829 831 835
437 19 23 41 127 149 150 154 156 355 389 396 417 458 489 513 531 542 543 573 580 717 737 813 820 821 841
438 2 27 74 81 152 161 166 177 184 236 270 285 286 296 373 463 490 534 587 620 636 670 675 717 738 739 763 769 827 844 855 856
439 30 108 152 161 166 174 175 176 232 235 238 262 265 306 327 361 379 384 422 441 519 524 545 633 651 668 688 725 775 802 818
440 71 87 151 201 242 321 359 360 364 423 424 514 526 544 723 804 809 842 854 857
441 30 42 44 108 118 136 174 175 176 235 238 262 265 306 327 361 379 384 439 471 473 519 523 545 581 651 666 668 688 725 775 802 818 825 851
442 39 165 182 218 250 259 273 276 300 302 305 324 337 338 349 374 375 383 443 538 678 697 713 724 766 834 836
443 39 165 182 218 247 250 259 273 276 300 302 305 324 337 339 349 374 375 383 442 538 678 697 713 724 766 834 836
444 15 29 53 67 89 91 115 133 135 215 223 225 256 269 301 382 426 461 465 478 611 660 671 682 808 816
445 43 57 62 101 220 246 310 380 387 394 548 608 622 679 708 758 759 767
446 8 28 35 37 104 186 188 206 258 315 318 319 356 357 365 428 503 541 701 714 753 760 789 801
447 7 65 239 241 354 398 400 462 464 609 612 756
448 3 59 61 119 122 144 173 189 210 222 227 248 253 279 309 385 397 449 533 535 537 598 685 686 792 819 870
449 59 61 122 144 173 189 210 227 248 252 253 279 309 385 397 448 533 535 537 598 638 685 686 792 819 870
450 84 142 157 164 201 329 347 393 401 583 616 658 723 765 809 828 830 842
451 4 16 40 43 97 120 121 194 197 219 220 289 299 303 304 310 312 362 363 371 380 387 388 403 416 453 455 548 566 596 597 604 617 629 656 691 695 708 728 730 783 829 835 843
452 75 77 92 263 278 355 376 377 454 456 458 459 530 542 543 556 559 644 645 663 721 722 727 740 817
453 4 16 40 43 97 120 121 194 197 219 220 289 299 303 304 312 362 363 371 380 387 388 403 416 436 451 455 548 566 596 597 604 617 629 656 691 695 708 730 783 829 835 843
454 75 77 92 376 377 452 456 458 459 530 542 543 556 559 644 645 663 721 722 727 736 740 817
455 4 16 40 43 57 97 120 121 194 197 219 220 246 289 299 303 304 310 312 362 363 371 380 387 388 416 451 453 512 548 566 597 604 617 629 656 695 708 728 730 731 783 800 829 835 843
456 75 77 92 149 168 170 216 217 278 370 376 377 452 454 458 459 530 542 543 556 559 644 645 663 777 788 814 815 862
457 19 23 150 154 156 177 226 285 286 313 343 389 396 463 534 536 547 580 636 693 696 707 711 717 737 796 811 813 820 821 841 844 865 869
458 75 77 263 264 355 437 452 454 456 459 530 531 542 543 645 705 706 721 722 727
459 75 77 263 264 355 452 454 456 458 530 531 542 543 645 706 721 722 727 740
460 5 9 14 71 85 86 87 111 151 163 193 195 282 283 317 321 360 480 553 554 733 754 772 826 857
461 29 83 133 135 223 237 243 256 260 268 269 272 301 316 320 382 444 550 551 611 653 671 682 692 816 832 840
462 7 10 13 65 106 112 114 358 367 398 400 447 464 609 612 756 773 778 780
463 19 23 27 74 81 156 177 184 270 285 286 296 313 396 438 457 502 534 536 587 636 670 693 696 717 738 739 796 827 841 844 865
464 7 10 13 65 106 112 114 239 241 367 398 400 447 462 609 612 756 773
465 29 34 89 91 115 133 135 185 198 207 268 269 314 328 444 478 605 611 653 655 734 735 752 839
466 21 22 32 51 189 203 249 252 253 267 309 322 368 385 397 399 468 472 546 618 628 685 686 748 749 750 807 819 838
467 179 181 204 293 381 469 539 847
468 21 22 32 51 78 189 203 249 252 253 267 322 368 385 397 399 466 472 546 618 628 685 686 748 749 750 807 819 838
469 157 179 181 204 293 381 391 393 467 501 539 583 828 847
470 20 67 126 187 211 212 231 266 325 386 390 392 402 528 529 601 603 657 660 662 689 833 850
471 30 42 44 108 118 265 327 379 441 473 517 519 523 532 545 581 666 668 775 825 851
472 21 22 32 51 78 203 249 252 267 322 397 399 466 468 546 618 628 647 748 749 750 807 838
473 30 42 44 108 118 265 327 379 441 471 517 519 523 532 545 581 666 668 775 825 851
474 24 45 70 109 110 139 182 273 276 302 349 366 516 538 557 558 673 674 684 697 720 724 726 732 746 771 785 806 834 852 864
475 52 58 93 95 180 183 255 323 427 431 434 525 576 579 591 595 599 602 710 712 810 822 824
476 10 13 26 72 73 96 178 205 277 340 358 369 372 378 479 527 540 552 574 654 687 698 700 718 778 780 791 848
477 11 53 67 162 186 215 223 225 237 243 256 260 281 336 382 486 497 550 560 652 671 682 692 719 789 850 853 858
478 15 29 33 34 89 91 103 107 115 198 207 328 426 444 465 488 593 611 655 752 764 839
479 26 72 76 96 141 143 178 205 277 334 340 358 369 372 378 476 527 540 552 574 577 578 639 654 687 698 700 714 718 791 848
480 1 5 14 63 85 86 193 195 254 257 282 283 317 350 460 553 554 571 572 610 665 667 733 734 735 754 761 772 812 823 826 846 867
481 42 44 69 108 118 134 138 145 265 411 413 483 532 666 668 683 802 851
482 40 43 169 172 219 220 280 284 289 548 634 637 691 695 829 831 835
483 42 44 46 47 48 49 82 108 118 134 138 145 235 238 262 265 361 411 413 415 481 491 532 545 549 649 666 668 683 688 802 851
484 2 19 27 41 184 236 404 489 513 570 600 606 614 620 670 675 717 763 769 790 803 827 855
485 9 14 31 36 38 111 113 193 195 216 217 244 370 511 518 568 702 754 772 777 781 784 826 862
486 53 67 90 162 215 223 225 231 256 281 325 336 382 402 477 560 563 652 660 671 682 719 808 816 850 853 858
487 17 105 123 190 192 208 421 582 584 615 672 676 680 762 787 860
488 15 33 55 56 89 91 103 107 115 288 328 341 412 426 478 564 593 655 669 764 776 779 839
489 2 19 23 27 41 127 150 156 184 396 417 437 484 513 580 600 606 620 717 737 803 841 844
490 52 81 136 152 161 166 174 175 176 184 236 240 296 306 351 384 438 508 614 659 670 675 725 738 763 769 818 827 837 855 856
491 46 47 48 49 82 134 138 171 191 233 408 413 415 483 493 495 504 549 649 683 743 745 782 863 866
492 18 78 147 148 153 199 202 249 252 253 267 399 407 496 546 555 647 715 793 794 795 838
493 69 134 138 145 233 411 413 433 491 495 569 683 699 743 745 866
494 50 80 208 209 234 242 245 352 364 507 509 526 544 584 615 755 757 786 787 860
495 69 134 138 145 171 233 413 433 435 491 493 649 683 699 743 745 782 863 866
496 18 59 61 78 128 147 148 153 199 202 249 252 253 267 274 342 345 385 397 399 492 535 546 555 592 638 647 685 686 715 747 793 794 795 838
497 8 11 53 104 162 186 188 237 243 256 260 281 477 550 640 652 671 692 753 789 832 853 858
498 3 28 117 119 122 155 167 206 210 222 228 279 291 292 365 405 567 664 703 704 716 753 768 770 801 805 845
499 50 79 80 144 173 189 208 209 229 234 279 344 598 615 716 755 757 792 798 870
500 33 34 55 56 124 177 198 207 270 285 286 343 502 506 534 536 587 605 636 655 693 696 711 739 752 764 796 839 865 869
501 157 179 181 293 391 393 469 539 672 676 680 762
502 33 34 54 55 56 74 124 177 270 285 286 373 422 463 500 506 534 536 587 630 633 636 655 693 696 738 739 752 764 796 865
503 8 11 28 35 37 104 186 188 197 258 281 315 356 357 363 371 388 403 428 430 446 541 596 597 604 641 656 701 753 760
504 20 46 47 48 49 82 98 146 171 187 191 211 212 287 288 408 409 412 491 549 564 601 603 649 657 782 797 863 866
505 10 13 26 76 106 112 114 141 143 205 369 414 577 718
506 33 34 56 124 177 198 207 285 286 328 343 500 502 534 536 605 655 693 696 707 711 752 764 796 839 865 869
507 50 79 80 151 209 229 230 234 242 352 359 360 364 410 494 509 510 526 544 626 643 755 757 786 804
508 12 52 58 136 175 176 240 323 327 351 379 431 490 561 562 565 599 602 659 725 775 810 822 825 837
509 50 79 80 151 209 229 230 234 242 245 352 359 360 364 410 494 507 510 526 544 615 626 755 757 786 787 804
510 50 60 64 66 71 79 80 85 87 151 163 229 230 251 282 283 359 360 364 410 507 509 553 554 626 632 642 643 804
511 9 14 63 68 111 149 168 170 193 195 216 217 254 257 278 370 429 485 518 520 521 530 610 644 665 667 754 761 772 777 781 784 788 814 815 846 862
512 4 11 16 90 97 162 194 197 266 281 336 362 363 371 388 403 430 455 560 563 566 617 629 646 648 656 719 728 730 783 799 800 850 853
513 19 23 27 41 127 261 417 437 484 489 531 580 600 606 690 694 705 717 803
514 84 142 157 164 181 201 242 245 391 393 401 423 424 440 526 544 583 672 723 809 842 860
515 125 130 131 348 621 625 774 859 861
516 24 45 70 109 110 137 139 182 273 276 353 366 474 538 557 558 674 684 697 720 724 726 732 744 746 771 785 806 852 864
517 30 118 327 471 473 519 523 581 666 668 775 825 851
518 14 63 68 111 149 168 170 193 195 216 217 254 257 278 370 389 429 485 511 520 521 530 610 644 665 667 754 761 772 777 784 788 811 814 815 846 862
519 30 108 136 174 175 176 235 238 262 265 306 327 379 384 439 441 471 473 517 523 545 581 666 668 688 725 775 818 825 851
520 14 63 68 149 154 168 170 193 195 216 217 226 254 257 278 389 429 511 518 521 530 547 610 665 667 754 761 772 777 788 811 813 814 815 820 846
521 14 63 68 149 154 168 170 217 226 254 257 278 389 429 511 518 520 530 547 610 665 667 707 754 761 772 777 788 811 813 814 815 820 821 846 867
522 20 39 98 146 171 191 218 247 250 259 308 324 374 375 383 418 419 433 435 678 743 745 766 863 866
523 30 108 118 136 175 265 327 379 441 471 473 517 519 545 581 666 668 775 825 851
524 54 55 56 152 161 166 174 232 235 238 262 306 341 373 384 422 439 630 633 651 669 688 776 779
525 52 58 93 95 180 183 255 427 431 434 475 570 576 579 591 595 599 602 661 710 712 810 822 824
526 151 201 242 245 352 359 364 401 423 424 440 494 507 509 514 544 786 787 804 809 842 854 857 860
527 35 96 178 205 277 297 298 318 319 334 340 369 372 378 476 479 540 541 552 574 639 654 687 698 700 714 791 848
528 126 158 160 200 247 250 266 308 325 339 346 386 390 392 402 470 529 631 635 646 648 650 689 766 799 833 868
529 126 158 160 200 214 247 250 266 325 339 346 386 390 392 402 470 528 631 635 646 648 650 689 766 799 833 868
530 75 77 92 149 154 168 170 216 217 278 389 429 452 454 456 458 459 511 518 520 521 542 543 573 644 645 777 788 811 813 814 815 820
531 127 154 261 263 264 355 417 437 458 459 513 542 543 573 580 705 706 722 727 737
532 42 44 108 118 134 138 145 265 361 411 413 471 473 481 483 545 666 668 683 802 851
533 59 61 144 210 222 227 248 252 253 298 309 342 345 385 397 448 449 535 537 623 638 685 686 768 819 848
534 74 124 177 270 285 286 313 396 438 457 463 500 502 506 536 587 636 693 696 711 739 796 821 841 844 865 869
535 59 61 144 227 248 249 252 253 309 342 345 385 397 399 448 449 496 533 537 623 638 685 686 768 793 794 795 819
536 74 124 150 156 177 226 285 286 313 343 396 457 463 500 502 506 534 547 587 636 693 696 707 711 796 813 820 821 841 844 865 869
537 59 61 144 210 222 227 228 248 253 298 309 342 345 385 448 449 533 535 623 638 664 685 686 768 770 819 848
538 70 165 182 275 300 302 305 337 339 346 349 366 442 443 474 516 673 674 697 742 785 834 864
539 157 164 179 181 204 293 381 391 393 401 467 469 501 583 828 847
540 72 73 96 178 274 277 297 298 342 358 367 369 378 476 479 527 574 592 687 698 700 747 778 780 791 848
541 35 37 104 159 258 294 295 315 318 319 330 334 335 340 356 357 428 436 446 503 527 552 596 597 639 641 654 687 701 714 760 831
542 75 77 263 264 278 355 437 452 454 456 458 459 530 531 543 573 645 721 722 727
543 75 77 263 264 278 355 437 452 454 456 458 459 530 531 542 573 645 706 721 722 727
544 71 87 151 201 242 245 352 359 360 364 423 424 440 494 507 509 514 526 723 786 804 809 842 854 857
545 30 42 44 108 118 175 176 235 238 262 265 306 361 379 384 439 441 471 473 483 519 523 532 581 651 666 668 688 775 802 818 851
546 78 148 153 249 252 253 267 322 397 399 466 468 472 492 496 628 647 793 794 795 838
547 63 68 149 154 226 254 257 313 343 350 389 429 457 520 521 536 610 665 667 696 707 711 761 788 811 813 815 820 821 846 865 867 869
548 40 43 57 97 219 220 246 289 299 303 304 310 312 380 387 445 451 453 455 482 608 695 708 829 835 843
549 46 47 48 49 82 138 171 191 287 288 361 408 409 415 483 491 504 564 649 683 782 797 802 863 866
550 155 186 188 237 243 256 260 292 316 320 461 477 497 640 652 671 692 703 704 789 832 840 858
551 60 64 66 83 251 268 269 272 307 316 320 461 632 653 812 823 832 840
552 35 37 178 277 297 298 315 318 319 330 334 340 369 372 378 476 479 527 541 639 641 654 687 700 701 714 760 848
553 1 5 71 85 86 87 151 163 193 195 282 283 317 321 360 460 480 510 554 571 733 812 823 826 846
554 1 5 71 85 86 87 163 193 195 282 283 307 317 321 460 480 510 553 571 665 733 812 823 826 846
555 18 128 147 148 153 199 202 239 241 274 345 354 398 400 407 432 492 496 592 715 747 773 793 794 795
556 6 31 36 38 75 77 88 92 100 216 217 376 377 425 452 454 456 559 575 588 589 644 645 663 702 736 740 817
557 24 101 139 366 474 516 558 622 624 673 674 679 684 720 726 771 785 864
558 24 137 139 366 474 516 557 624 673 674 684 720 726 744 746 771 785 806 852 864
559 6 31 36 38 75 88 92 100 216 217 311 376 377 425 452 454 456 556 575 588 589 644 645 663 702 736 740 817 862
560 11 90 162 194 197 281 336 362 363 371 388 403 430 477 486 512 563 646 656 719 783 800 850 853 858
561 12 52 58 136 240 323 327 351 427 431 434 508 562 565 599 602 659 775 810 822 825 837
562 12 58 136 240 323 327 427 431 434 508 561 565 599 602 659 810 822 825 837
563 90 162 266 281 325 336 362 363 371 402 430 486 512 560 646 648 650 719 783 799 800 850 853 858
564 15 46 47 82 103 107 187 211 212 287 288 341 408 409 412 488 504 549 593 657 662 776 779 797
565 12 323 427 431 434 508 561 562 810 822 837
566 4 16 97 120 194 200 214 220 246 299 303 304 310 312 362 363 380 387 416 451 453 455 512 617 629 708 728 730 731 783 799 800 843 868
567 3 117 119 122 155 167 173 206 210 228 279 291 292 344 365 405 498 664 703 704 716 801 805 845
568 9 111 113 142 195 201 244 321 329 370 485 702 723 781 784 826 854 857 862
569 233 259 324 493 699 709 713
570 2 52 58 221 224 236 240 404 484 525 576 579 599 600 602 606 614 620 661 763 769 790 824
571 1 5 86 185 207 254 257 282 307 314 317 343 350 480 553 554 572 605 653 665 667 733 734 735 812 823 846 867
572 1 5 185 198 207 226 254 307 314 343 350 480 571 605 665 667 707 711 733 734 735 752 823 846 867 869
573 19 23 127 149 150 154 156 168 313 389 396 437 530 531 542 543 580 737 811 813 820 821 841
574 72 73 96 178 274 277 298 342 345 358 367 378 432 476 479 527 540 592 698 700 747 778 780 791 848
575 6 25 31 36 38 88 99 100 102 140 244 311 395 420 425 556 559 588 589 613 677 681 751
576 52 58 95 183 240 431 434 475 525 570 579 595 599 602 614 659 661 710 712 790 810 822 824
577 26 76 141 143 159 205 284 330 334 335 340 369 372 414 479 505 578 585 586 590 634 741
578 76 141 143 159 205 280 284 330 334 335 340 369 372 414 479 577 585 586 590 634 639 741
579 52 58 95 183 236 240 431 475 525 570 576 595 599 602 614 659 661 712 769 790 810 824
580 19 23 27 41 127 149 150 154 156 313 389 396 417 437 457 489 513 531 573 717 737 811 813 820 821 841 844
581 30 136 175 265 327 379 441 471 473 517 519 523 545 666 668 725 775 825 851
582 17 105 123 190 192 208 209 368 421 487 584 615 672 676 680 755 787 798 807 860
583 84 157 164 179 181 201 204 293 347 381 391 393 401 423 424 450 469 514 539 809 828 830
584 17 105 123 190 192 208 209 245 352 368 421 487 494 582 615 672 676 755 757 786 787 798 860
585 76 141 143 159 172 205 280 284 294 330 334 335 340 369 372 414 577 578 586 590 634 741 831
586 76 141 143 159 169 172 280 284 294 295 330 334 335 340 369 372 577 578 585 590 634 637 741 831
587 74 81 152 161 166 177 184 270 285 286 296 373 422 438 463 500 502 534 536 636 670 675 693 738 739 796 827 844 855 856
588 6 31 36 38 88 99 100 102 244 311 376 377 395 420 425 556 559 575 589 613 663 677 681 702 736 751 817
589 6 31 36 38 88 92 99 100 102 244 311 376 377 395 420 425 556 559 575 588 663 677 681 702 736 751 817
590 76 141 159 169 172 280 284 294 295 330 334 335 340 436 577 578 585 586 634 637 691 741 831
591 93 95 180 183 255 427 431 434 475 525 595 710 712
592 18 72 73 96 128 147 148 199 202 274 342 345 358 367 398 400 432 496 540 555 574 698 715 747 773 778 780 793 794 795
593 15 89 91 103 107 115 288 328 341 412 426 478 488 564 655 662 776 779 808 839
594 94 196 259 273 276 324 338 678 709 713 724 729 732 836
595 93 95 180 183 255 427 431 434 475 525 576 579 591 599 602 661 710 712 824
596 16 35 37 120 121 169 172 194 197 258 280 289 294 295 303 304 312 330 335 356 357 363 371 388 403 436 451 453 503 541 597 604 629 641 656 691 695 701 760 829 831 835
597 4 16 35 37 120 121 169 172 194 197 258 289 294 295 303 304 312 335 356 357 363 371 388 403 436 451 453 455 503 541 596 604 629 641 656 691 695 701 760 783 829 831 835
598 22 144 173 189 203 227 248 253 279 309 368 385 397 448 449 499 685 686 792 798 819 870
599 52 58 236 240 323 351 427 431 434 475 508 525 561 562 570 576 579 595 602 614 659 790 810 822 837
600 2 19 27 41 184 221 224 404 484 489 513 570 606 620 670 675 694 717 763 769 790 803
601 20 98 126 146 187 191 211 212 231 247 308 325 386 390 392 402 419 470 504 603 657 662 689 797 833
602 52 58 236 240 323 351 431 434 475 508 525 561 562 570 576 579 595 599 614 659 769 790 810 822 837
603 20 98 126 146 187 191 211 212 231 308 325 386 390 392 402 419 470 504 601 657 662 689 797 833
604 4 16 97 120 121 169 172 194 197 258 289 294 295 299 303 304 312 356 357 363 371 388 403 430 436 451 453 455 503 596 597 617 629 641 656 691 695 760 783 829 831 835 843
605 33 34 124 185 198 207 226 314 328 343 350 465 500 506 571 572 655 696 707 711 734 735 752 764 839 865 867 869
606 2 27 41 184 221 224 404 484 489 513 570 600 614 620 670 675 694 763 769 790 803
607 25 125 129 130 131 132 140 204 326 331 332 333 348 381 406 613 616 619 621 625 765 774 828 849 859 861
608 40 43 57 62 219 220 246 299 304 310 380 387 394 445 548 708 758 759 767 843
609 7 65 106 114 239 241 354 367 398 400 447 462 464 612 756 773
610 14 63 68 111 149 168 170 193 195 217 226 254 257 278 317 350 370 429 480 511 518 520 521 547 665 667 754 761 772 777 784 788 811 814 815 826 846 867
611 29 89 91 115 133 135 215 223 225 256 268 269 301 314 316 382 426 444 461 465 478 653 671 682 808 816
612 7 65 239 241 354 398 400 447 462 464 609 756 773
613 6 25 99 100 102 129 132 140 311 326 331 332 333 395 406 420 575 588 607 616 619 625 658 677 681 751 765 849
614 2 52 58 184 236 240 351 484 490 570 576 579 599 602 606 620 659 670 675 763 769 790 810 827 837 855 856
615 50 105 192 208 209 234 242 245 352 368 421 487 494 499 509 582 584 672 755 757 786 787 792 798 860
616 25 102 129 130 131 132 140 204 347 381 406 420 450 607 613 619 625 658 681 765 828 830
617 4 16 97 120 121 194 197 214 219 220 299 303 304 310 312 362 363 371 380 387 416 451 453 455 512 566 604 629 656 708 728 730 731 783 799 800 843
618 21 22 32 51 189 203 249 252 253 267 322 368 385 397 399 466 468 472 628 685 686 748 749 750 798 807 838
619 25 102 129 130 131 132 140 204 347 381 607 613 616 625 765 828 830 849
620 2 27 184 236 296 404 438 484 489 570 600 606 614 670 675 717 763 769 790 803 827 844 855 856
621 125 130 131 132 204 331 348 381 515 607 625 774 859 861
622 62 101 246 394 445 557 624 673 674 679 758 759 767 771
623 59 178 210 222 227 228 248 277 297 298 318 319 342 378 533 535 537 638 664 687 698 700 768 770 848
624 24 62 101 366 394 557 558 622 673 674 679 720 758 759 767 771 864
625 25 125 129 130 131 132 140 204 326 331 332 333 348 381 406 515 607 613 616 619 621 765 774 849 859 861
626 50 60 64 66 79 80 151 163 229 230 234 251 344 359 360 364 410 507 509 510 632 642 643 804
627 45 137 139 213 290 353 684 726 744 746 806 852
628 21 22 32 51 203 267 322 368 397 399 466 468 472 546 618 748 749 750 807 838
629 4 16 97 120 121 194 197 219 220 258 289 295 299 303 304 312 356 362 363 371 380 388 403 436 451 453 455 512 566 596 597 604 617 656 691 695 730 783 829 835 843
630 54 55 56 152 161 166 177 232 270 306 341 373 422 502 524 633 651 669 738 739 776 779 796
631 158 160 165 200 214 247 250 266 271 275 305 337 339 346 386 390 392 402 528 529 635 646 648 650 689 731 742 766 799 833 868
632 60 64 66 83 155 167 229 230 251 268 272 291 292 320 410 510 551 626 642 643 692 703 704 812 832 840 845
633 54 55 56 152 161 166 174 177 232 238 262 270 306 341 373 384 422 439 502 524 630 651 669 738 739 776 779
634 159 169 172 280 284 289 294 295 330 335 482 577 578 585 586 590 637 691 695 741 829 831 835
635 39 158 160 165 200 247 250 271 275 305 308 337 339 346 349 374 386 390 392 528 529 631 648 650 689 742 766 833 834 868
636 19 27 74 81 177 184 270 285 286 296 313 373 396 438 457 463 500 502 534 536 587 670 693 696 717 738 739 796 827 841 844 865
637 159 169 172 280 284 289 294 295 330 335 482 586 590 634 691 695 741 829 831 835
638 59 61 199 210 222 227 248 249 252 253 298 309 342 345 385 397 449 496 533 535 537 623 685 686 698 700 747 768 793 794 819 848
639 35 37 159 277 294 297 315 318 319 330 334 335 340 357 369 372 378 479 527 541 552 578 641 654 687 701 714 741 760
640 8 28 155 186 188 206 237 243 260 291 292 316 320 365 405 497 550 652 692 703 704 753 789 801 805 832 840
641 35 37 159 169 172 258 280 284 294 295 315 330 334 335 340 356 357 436 503 541 552 596 597 604 639 654 701 714 741 760 829 831
642 3 50 60 64 66 79 80 155 167 173 229 230 234 251 279 291 344 410 510 626 632 643 703 704 716 804 845
643 3 50 60 64 66 79 80 155 167 173 229 230 234 251 279 291 344 360 410 507 510 626 632 642 703 704 716 804 845
644 31 36 38 75 77 88 92 168 170 216 217 278 370 376 377 452 454 456 511 518 530 556 559 645 663 702 777 781 784 814 815 862
645 31 36 75 77 88 92 168 170 216 217 278 376 377 452 454 456 458 459 530 542 543 556 559 644 663 740 817 862
646 90 160 200 214 266 325 362 390 402 512 528 529 560 563 631 648 650 719 728 730 731 783 799 800 833 850 868
647 78 147 148 153 202 249 252 253 267 322 397 399 472 492 496 546 793 794 795 838
648 90 158 160 200 214 266 325 362 390 392 402 512 528 529 563 631 635 646 650 689 719 728 730 731 799 800 833 850 868
649 46 47 48 49 82 134 138 171 191 287 408 409 415 483 491 495 504 549 683 743 745 782 797 863 866
650 158 160 200 214 266 325 346 362 386 390 392 402 528 529 563 631 635 646 648 689 728 730 731 742 799 800 833 868
651 54 55 152 161 166 174 175 176 232 235 238 262 265 306 341 361 373 384 422 439 441 524 545 630 633 669 688 725 738 818
652 11 53 162 186 215 223 225 237 243 256 260 281 301 316 336 382 477 486 497 550 640 671 682 692 789 816 832 853 858
653 1 5 29 83 133 135 185 268 269 272 307 314 316 461 465 551 571 611 733 734 735 812 823
654 35 37 178 205 277 297 298 318 319 330 334 340 369 372 378 476 479 527 541 552 639 641 687 700 701 714 791 848
655 15 33 34 55 56 89 91 107 124 198 207 328 465 478 488 500 502 506 593 605 752 764 779 796 839
656 4 11 16 90 97 104 120 121 194 197 258 281 295 303 312 356 357 363 371 388 403 428 430 436 451 453 455 503 512 560 596 597 604 617 629 701 760 783 835
657 20 103 126 187 211 212 231 288 408 409 412 426 470 504 564 601 603 660 662 797 808 833
658 38 84 99 100 102 140 142 244 329 347 420 425 450 613 616 677 681 702 723 830
659 52 58 136 236 240 323 351 431 490 508 561 562 576 579 599 602 614 769 810 822 825 837
660 15 53 67 103 115 211 212 215 223 225 231 301 325 382 426 444 470 486 657 662 671 682 808 816
661 95 183 224 255 525 570 576 579 595 710 712 824
662 15 67 103 115 126 187 211 212 215 231 325 412 426 470 564 593 601 603 657 660 797 808
663 31 36 38 75 77 88 92 216 217 278 370 376 377 425 452 454 456 556 559 588 589 644 645 702 736 740 817 862
664 3 28 117 119 122 206 210 222 227 228 279 291 297 298 319 365 405 498 537 567 623 768 770 801 805
665 1 5 14 63 68 85 86 193 195 226 254 257 317 350 429 480 511 518 520 521 547 554 571 572 610 667 707 754 761 772 777 788 814 815 826 846 867
666 30 42 44 108 118 235 265 361 411 413 441 471 473 481 483 517 519 523 532 545 581 668 802 851
667 1 5 14 63 68 193 195 226 254 257 317 343 350 429 480 511 518 520 521 547 571 572 610 665 707 711 754 761 772 777 788 814 815 826 846 867
668 30 42 44 108 118 235 238 262 265 361 379 411 413 439 441 471 473 481 483 517 519 523 532 545 581 666 688 802 851
669 54 55 56 107 232 238 287 288 341 422 488 524 630 633 651 688 776 779
670 2 19 27 74 81 184 236 270 296 438 463 484 490 587 600 606 614 620 636 675 717 763 769 803 827 844 855 856
671 29 53 67 115 133 135 215 223 225 237 243 256 260 301 316 336 382 444 461 477 486 497 550 611 652 660 682 692 808 816 832
672 123 242 245 352 423 424 487 501 514 582 584 615 676 680 762 787 860
673 24 70 101 275 366 394 474 538 557 558 622 624 674 679 720 758 759 767 771 864
674 24 70 101 275 366 394 474 516 538 557 558 622 624 673 679 720 759 767 771 785 864
675 2 27 74 81 184 236 296 438 484 490 587 600 606 614 620 670 763 769 790 803 827 855 856
676 17 123 245 487 501 582 584 672 680 762 787 860
677 6 25 31 36 38 88 99 100 102 140 244 311 329 395 406 420 425 575 588 589 613 658 681 702 751
678 39 218 259 300 302 324 374 375 383 418 419 433 435 442 443 522 594 713 766 836
679 62 70 101 246 271 275 310 394 445 557 622 624 673 674 742 758 759 767 771
680 17 123 487 501 582 672 676 762 860
681 6 25 38 99 100 102 129 140 244 311 326 329 395 406 420 425 575 588 589 613 616 658 677 751 830
682 29 53 67 115 133 135 215 223 225 237 256 260 301 316 336 382 444 461 477 486 611 652 660 671 692 808 816 832
683 42 44 46 47 48 49 69 82 134 138 145 171 361 411 413 415 481 483 491 493 495 532 549 649 782 802 863 866
684 24 45 137 139 213 290 353 366 474 516 557 558 627 720 726 744 746 785 806 852 864
685 22 32 59 61 144 227 248 249 252 253 267 309 322 345 385 397 399 448 449 466 468 496 533 535 537 598 618 638 686 793 794 795 819 838
686 59 61 144 227 248 249 252 253 309 322 345 385 397 399 448 449 466 468 496 533 535 537 598 618 638 685 793 794 795 819 838
687 35 96 178 277 297 298 318 319 334 340 369 372 378 476 479 527 540 541 552 623 639 654 698 700 701 714 848
688 44 46 47 48 49 108 232 235 238 262 265 306 361 415 439 441 483 519 524 545 651 668 669 802 818
689 20 98 126 146 247 250 305 308 339 346 374 386 390 392 402 419 470 528 529 601 603 631 635 648 650 766 833
690 41 221 261 417 513 694 705 706
691 40 120 121 159 169 172 219 280 284 289 294 295 303 304 312 330 335 436 451 453 482 590 596 597 604 629 634 637 695 741 829 831 835
692 135 155 237 243 256 260 268 269 272 292 316 320 461 477 497 550 632 640 652 671 682 703 704 789 832 840
693 33 34 74 124 177 270 285 286 313 343 457 463 500 502 506 534 536 587 636 696 707 711 739 764 796 841 844 865 869
694 41 221 224 404 513 600 606 690
695 40 43 120 121 169 172 219 220 280 284 289 294 295 299 303 304 312 335 436 451 453 455 482 548 596 597 604 629 634 637 691 741 829 831 835 843
696 33 34 124 177 226 285 286 313 343 457 463 500 502 506 534 536 547 605 636 693 707 711 796 820 821 841 865 869
697 39 70 109 110 165 182 273 276 300 302 305 337 339 349 366 442 443 474 516 538 724 732 785 834 836
698 72 73 96 178 274 277 297 298 342 345 358 378 476 479 527 540 574 592 623 638 687 700 747 778 780 791 848
699 69 171 233 324 383 433 435 493 495 569 743 745 866
700 72 73 96 178 277 297 298 319 342 358 378 476 479 527 540 552 574 623 638 654 687 698 778 780 791 848
701 8 28 35 37 104 258 294 295 315 318 319 330 335 356 357 403 428 436 446 503 541 552 596 597 639 641 654 656 687 714 760
702 9 31 36 38 88 100 111 113 216 217 244 329 370 425 485 556 559 568 588 589 644 658 663 677 777 781 784 862
703 3 64 117 119 155 167 243 251 291 292 320 344 365 405 498 550 567 632 640 642 643 692 704 716 789 801 805 832 840 845
704 3 64 117 119 122 155 167 243 251 291 292 320 344 365 405 498 550 567 632 640 642 643 692 703 716 801 805 840 845
705 261 263 264 355 417 458 513 531 690 706 722 727
706 261 263 264 355 417 458 459 531 543 690 705 722 727
707 68 124 226 254 257 313 343 350 429 457 506 521 536 547 572 605 665 667 693 696 711 761 811 813 820 821 846 865 867 869
708 4 40 43 57 62 97 219 220 246 299 303 304 310 312 380 387 416 445 451 453 455 548 566 608 617 758 843
709 94 259 324 338 569 594 713 836
710 93 95 180 183 255 475 525 576 591 595 661 712 824
711 68 124 226 254 285 313 343 350 457 500 506 534 536 547 572 605 667 693 696 707 761 796 811 813 820 821 865 867 869
712 93 95 180 183 255 475 525 576 579 591 595 661 710 824
713 39 94 218 259 276 300 302 324 338 375 383 433 435 442 443 569 594 678 709 836
714 28 35 37 178 277 297 298 315 318 319 334 340 357 378 446 479 527 541 552 639 641 654 687 701 760
715 18 73 128 147 148 153 199 202 274 342 345 354 367 398 400 407 432 492 496 555 592 747 773 793 794 795
716 3 64 79 80 117 119 122 155 167 173 229 230 279 291 292 344 405 498 499 567 642 643 703 704 792 845 870
717 2 19 23 27 41 127 150 156 184 296 313 396 437 438 457 463 484 489 513 580 600 620 636 670 737 803 827 841 844
718 10 13 26 72 76 96 106 112 114 141 143 205 340 358 369 372 414 476 479 505 778 780 791
719 11 53 67 90 162 266 281 325 336 362 363 371 402 430 477 486 512 560 563 646 648 783 799 800 850 853 858
720 24 70 101 137 139 366 474 516 557 558 624 673 674 684 726 771 785 864
721 75 77 263 264 355 376 377 452 454 458 459 542 543 722 727 740
722 77 263 264 355 452 454 458 459 531 542 543 705 706 721 727 740
723 84 142 164 201 329 347 401 424 440 450 514 544 568 658 809 830 842 854 857
724 45 109 110 116 182 196 273 276 300 302 338 349 353 442 443 474 516 594 697 729 732 785 806 834 836 852
725 30 136 152 161 166 174 175 176 306 327 351 379 384 439 441 490 508 519 581 651 775 818 825 837
726 24 45 109 110 137 139 213 290 353 366 474 516 557 558 627 684 720 744 746 771 785 806 852 864
727 77 261 263 264 355 452 454 458 459 531 542 543 705 706 721 722 740
728 4 97 158 160 200 214 271 299 310 362 387 416 451 455 512 566 617 646 648 650 730 731 742 799 800 843 868
729 45 94 109 110 116 196 273 276 338 353 594 724 732 836 852
730 4 16 90 97 120 194 200 214 299 303 304 310 312 362 363 371 380 387 416 451 453 455 512 566 617 629 646 648 650 728 731 783 799 800 843 868
731 4 97 158 160 200 214 271 310 362 387 394 416 455 566 617 631 646 648 650 728 730 742 799 800 868
732 45 94 109 110 116 196 273 276 302 338 353 474 516 594 697 724 729 785 806 836 852
733 1 5 83 85 86 163 282 283 307 317 460 480 553 554 571 572 653 734 735 812 823 826 846
734 1 5 185 207 307 314 343 350 465 480 571 572 605 653 733 735 752 812 823 846 867
735 1 5 83 185 207 307 314 343 350 465 480 571 572 605 653 733 734 812 823 846 867
736 6 88 92 311 376 377 454 556 559 588 589 663 740 751 817
737 19 23 127 149 150 154 156 313 389 396 437 457 489 531 573 580 717 811 813 820 821 841 844
738 54 55 56 74 81 152 161 166 174 177 270 286 296 306 373 384 422 438 463 490 502 587 630 633 636 651 739 827 855 856
739 54 55 56 74 81 152 161 166 177 270 285 286 296 373 422 438 463 500 502 534 587 630 633 636 693 738 796 827 855
740 75 77 92 376 377 452 454 459 556 559 645 663 721 722 727 736 817
741 35 37 76 159 169 172 280 284 294 295 330 334 335 340 436 577 578 585 586 590 634 637 639 641 691 695 829 831
742 70 158 160 165 200 214 271 275 305 337 339 346 394 416 538 631 635 650 679 728 731 868
743 98 138 146 171 191 233 308 374 375 383 418 419 433 435 491 493 495 522 649 699 745 782 863 866
744 45 109 110 116 137 139 213 290 353 516 558 627 684 726 746 785 806 852
745 98 134 138 171 191 233 324 374 375 383 418 419 433 435 491 493 495 522 649 699 743 782 863 866
746 45 109 110 116 137 139 213 290 353 474 516 558 627 684 726 744 785 806 852
747 18 59 61 72 73 96 128 147 148 153 199 202 274 342 345 367 398 400 432 496 540 555 574 592 638 698 715 773 778 780 793 794 795
748 21 22 32 51 105 189 190 192 203 322 368 397 399 421 466 468 472 618 628 749 750 798 807 838
749 21 22 32 51 105 189 190 192 203 322 368 399 421 466 468 472 618 628 748 750 798 807 838
750 21 22 32 51 105 189 190 203 322 368 399 421 466 468 472 618 628 748 749 798 807 838
751 6 25 99 100 102 311 326 395 406 575 588 589 613 677 681 736
752 33 34 89 91 124 185 198 207 314 328 343 465 478 500 502 506 572 605 655 734 764 796 839 865 869
753 8 28 104 186 188 206 315 318 319 356 357 365 428 446 497 498 503 640 770 789 801 805
754 9 14 63 68 86 111 170 193 195 254 257 317 370 429 460 480 485 511 518 520 521 610 665 667 761 772 777 784 788 814 815 826 846 867
755 50 80 189 192 208 209 234 352 368 494 499 507 509 582 584 615 757 786 787 792 798 860 870
756 7 10 13 65 106 112 114 128 239 241 354 358 367 398 400 432 447 462 464 609 612 773 778 780
757 50 79 80 192 208 209 234 352 364 494 499 507 509 584 615 755 786 787 792 798 860 870
758 57 62 101 246 310 387 394 416 445 608 622 624 673 679 708 759 767
759 57 62 101 246 310 387 394 416 445 608 622 624 673 674 679 758 767 771
760 35 37 104 121 159 169 172 197 258 294 295 315 330 335 356 357 388 403 428 436 446 503 541 552 596 597 604 639 641 656 701 714 829 831
761 63 68 149 168 170 226 254 257 343 350 389 429 480 511 518 520 521 547 610 665 667 707 711 754 772 777 788 811 813 814 815 820 821 846 867 869
762 123 179 181 245 391 393 423 487 501 672 676 680 787 860
763 2 27 81 184 236 296 438 484 490 570 600 606 614 620 670 675 769 790 803 827 855 856
764 33 34 55 56 89 91 124 198 207 328 478 488 500 502 506 605 655 693 752 796 839 865
765 25 129 130 131 132 140 204 347 381 450 607 613 616 619 625 828 830
766 39 98 146 165 182 218 247 250 300 302 305 308 337 339 346 349 374 375 383 386 390 392 418 419 442 443 522 528 529 631 635 678 689 834
767 62 101 246 310 387 394 445 608 622 624 673 674 679 758 759 771
768 117 119 122 178 210 222 227 228 248 297 298 318 319 342 365 378 405 498 533 535 537 623 638 664 770 848
769 2 52 184 236 240 296 351 438 484 490 570 579 600 602 606 614 620 659 670 675 763 790 827 855 856
770 28 117 119 122 178 206 210 222 228 297 298 318 319 365 378 405 498 537 623 664 753 768 801 805 848
771 24 70 101 139 366 474 516 557 558 622 624 673 674 679 720 726 759 767 785 864
772 9 14 63 85 86 111 113 193 195 257 317 321 370 429 460 480 485 511 518 520 521 610 665 667 754 761 777 781 784 788 814 815 826 846
773 7 10 13 18 65 72 73 106 114 128 147 199 202 239 241 274 354 358 367 398 400 407 432 462 464 555 592 609 612 715 747 756 778 780
774 129 132 326 331 332 333 348 406 515 607 621 625 849 859 861
775 30 136 174 175 176 306 327 351 379 384 439 441 471 473 508 517 519 523 545 561 581 725 818 825 837 851
776 15 54 55 56 103 107 232 287 288 341 409 412 422 488 524 564 593 630 633 669 779
777 9 14 63 111 113 168 170 193 195 216 217 257 278 370 429 456 485 511 518 520 521 530 610 644 665 667 702 754 761 772 781 784 788 814 815 862
778 7 10 13 26 72 73 96 106 112 114 128 199 274 358 367 398 400 432 462 476 540 574 592 698 700 718 747 756 773 780 791
779 15 54 55 56 103 107 232 287 288 341 412 422 488 524 564 593 630 633 655 669 776
780 7 10 13 26 72 73 96 106 112 114 205 274 358 367 398 400 432 462 476 540 574 592 698 700 718 747 756 773 778 791
781 9 14 31 36 38 111 113 193 195 216 217 244 329 370 425 485 511 568 644 702 772 777 784 862
782 20 46 47 48 49 82 98 134 138 146 171 191 287 408 409 415 418 419 435 491 495 504 549 649 683 743 745 797 863 866
783 4 11 16 90 97 120 121 162 194 197 281 362 363 371 388 403 430 451 453 455 512 560 563 566 597 604 617 629 646 656 719 730 799 800 853
784 9 14 31 36 38 63 111 113 193 195 216 217 278 370 485 511 518 568 610 644 702 754 772 777 781 814 815 862
785 24 45 70 109 110 137 139 182 273 276 353 366 474 516 538 557 558 674 684 697 720 724 726 732 744 746 771 806 852 864
786 50 80 151 208 209 234 242 245 352 359 364 424 494 507 509 526 544 584 615 755 757 787 804 860
787 192 208 209 242 245 352 423 424 487 494 509 526 582 584 615 672 676 755 757 762 786 860
788 14 63 68 149 154 168 170 216 217 226 254 257 278 389 429 456 511 518 520 521 530 547 610 665 667 754 761 772 777 811 813 814 815 820 821
789 8 11 28 104 186 188 206 237 243 260 292 365 428 446 477 497 550 640 652 692 703 753 801 805 858
790 2 52 184 224 236 240 404 484 570 576 579 599 600 602 606 614 620 675 763 769 803 824
791 10 13 26 72 73 96 112 114 143 178 205 277 340 358 367 369 372 414 476 479 527 540 574 654 698 700 718 778 780
792 50 79 80 144 173 189 208 209 234 279 344 368 448 449 499 598 615 716 755 757 798 870
793 18 59 61 78 128 147 148 153 199 202 249 252 253 267 274 342 345 385 397 399 432 492 496 535 546 555 592 638 647 685 686 715 747 794 795
794 18 59 61 78 128 147 148 153 199 202 249 252 253 267 274 342 345 385 397 399 432 492 496 535 546 555 592 638 647 685 686 715 747 793 795
795 18 59 61 78 128 147 148 153 199 202 249 252 253 267 274 345 385 397 399 432 492 496 535 546 555 592 647 685 686 715 747 793 794
796 33 34 55 56 74 124 177 198 270 285 286 373 457 463 500 502 506 534 536 587 630 636 655 693 696 711 739 752 764 865 869
797 20 46 82 103 126 146 187 191 211 212 287 288 408 409 412 504 549 564 601 603 649 657 662 782 863
798 22 32 105 144 189 192 203 208 209 368 421 499 582 584 598 615 618 748 749 750 755 757 792 807 870
799 4 90 97 158 160 200 214 266 271 362 402 416 512 528 529 563 566 617 631 646 648 650 719 728 730 731 783 800 868
800 4 16 90 97 194 200 214 266 362 363 371 416 455 512 560 563 566 617 646 648 650 719 728 730 731 783 799 868
801 3 8 28 117 119 122 155 186 188 206 228 291 292 365 405 446 498 567 640 664 703 704 753 770 789 805
802 42 44 46 47 48 49 82 108 118 134 138 235 238 262 265 361 411 413 415 439 441 481 483 532 545 549 666 668 683 688 851
803 2 19 23 27 41 127 184 404 417 484 489 513 600 606 620 670 675 717 763 790 827 844
804 50 60 64 66 71 79 80 87 151 163 229 230 234 251 283 359 360 364 410 440 507 509 510 526 544 626 642 643 786
805 3 28 117 119 122 155 186 188 206 210 222 228 291 292 365 405 498 567 640 664 703 704 753 770 789 801
806 45 109 110 116 137 139 213 273 290 353 474 516 558 627 684 724 726 732 744 746 785 852 864
807 17 21 22 32 51 105 123 190 192 203 368 421 466 468 472 582 618 628 748 749 750 798
808 15 29 53 67 89 91 103 115 133 135 215 223 225 231 256 301 382 426 444 486 593 611 657 660 662 671 682 816
809 84 142 157 164 181 201 242 245 391 393 401 423 424 440 450 514 526 544 583 723 842 854 857
810 12 52 58 136 240 323 351 427 431 434 475 508 525 561 562 565 576 579 599 602 614 659 822 837
811 68 149 150 154 156 168 170 226 254 313 389 396 429 457 518 520 521 530 547 573 580 610 707 711 737 761 788 813 814 815 820 821 841 869
812 1 5 60 66 83 85 86 163 251 268 269 272 282 283 307 480 551 553 554 571 632 653 733 734 735 823
813 68 149 150 154 156 168 170 226 254 313 389 396 429 437 457 520 521 530 536 547 573 580 707 711 737 761 788 811 814 815 820 821 841 869
814 14 63 68 149 168 170 193 216 217 254 257 278 370 389 429 456 511 518 520 521 530 610 644 665 667 754 761 772 777 784 788 811 813 815
815 14 63 68 149 154 168 170 216 217 254 257 278 389 429 456 511 518 520 521 530 547 610 644 665 667 754 761 772 777 784 788 811 813 814 820
816 29 53 67 89 91 115 133 135 215 223 225 231 237 256 260 301 316 382 426 444 461 486 611 652 660 671 682 808
817 6 75 88 92 311 376 377 452 454 556 559 588 589 645 663 736 740
818 30 136 152 161 166 174 175 176 235 238 262 265 306 327 379 384 439 441 490 519 545 651 688 725 775 825
819 22 59 61 144 189 227 248 249 252 253 309 322 385 397 399 448 449 466 468 533 535 537 598 638 685 686 838
820 23 68 149 150 154 156 168 170 226 254 313 389 396 429 437 457 520 521 530 536 547 573 580 696 707 711 737 761 788 811 813 815 821 841 869
821 23 68 127 149 150 154 156 168 226 254 313 389 396 429 437 457 521 534 536 547 573 580 696 707 711 737 761 788 811 813 820 841 869
822 12 52 58 240 323 351 427 431 434 475 508 525 561 562 565 576 599 602 659 810 837
823 1 5 60 83 85 86 163 185 268 269 272 282 307 314 480 551 553 554 571 572 653 733 734 735 812
824 93 95 180 183 255 475 525 570 576 579 595 661 710 712 790
825 12 30 136 174 175 176 327 351 379 384 441 471 473 508 517 519 523 561 562 581 659 725 775 818 837
826 5 9 14 63 71 85 86 87 111 113 193 195 257 282 283 317 321 460 480 485 553 554 568 610 665 667 733 754 772 846
827 2 27 74 81 184 236 270 296 438 463 484 490 587 614 620 636 670 675 717 738 739 763 769 803 844 855 856
828 84 129 130 131 132 157 204 347 381 450 469 539 583 607 616 619 765 830 847
829 16 40 120 121 159 169 172 197 219 220 258 280 284 289 294 295 303 304 312 330 335 436 451 453 455 482 548 596 597 604 629 634 637 641 691 695 741 760 831 835 843
830 84 102 140 142 244 329 347 420 450 583 616 619 658 681 723 765 828
831 35 37 120 121 159 169 172 258 280 284 289 294 295 330 335 436 482 541 585 586 590 596 597 604 634 637 641 691 695 741 760 829 835
832 83 133 135 237 243 256 260 268 269 272 292 301 316 320 461 497 550 551 632 640 652 671 682 692 703 840
833 20 126 146 187 211 212 231 247 266 325 386 390 392 402 470 528 529 601 603 631 635 646 648 650 657 689
834 39 70 165 182 218 250 275 300 302 305 337 339 346 349 442 443 474 538 635 697 724 766
835 4 16 40 43 97 120 121 169 172 194 197 219 220 280 284 289 294 295 299 303 304 312 380 436 451 453 455 482 548 596 597 604 629 634 637 656 691 695 829 831 843
836 45 94 109 110 116 196 259 273 276 300 302 338 349 442 443 594 678 697 709 713 724 729 732
837 12 52 58 136 236 240 323 327 351 431 490 508 561 562 565 599 602 614 659 725 775 810 822 825
838 21 22 32 51 78 203 249 252 253 267 322 385 397 399 466 468 472 492 496 546 618 628 647 685 686 748 749 750 819
839 15 33 34 89 91 115 124 185 198 207 314 328 465 478 488 500 506 593 605 655 752 764
840 60 64 83 155 237 243 251 260 268 272 291 292 316 320 461 550 551 632 640 692 703 704 832 845
841 19 23 27 127 150 154 156 285 286 313 389 396 437 457 463 489 534 536 573 580 636 693 696 717 737 811 813 820 821 844
842 84 142 157 164 201 242 245 401 423 424 440 450 514 526 544 723 809 854 857
843 4 16 40 43 57 97 120 121 194 219 220 246 289 299 303 304 310 312 380 387 416 451 453 455 548 566 604 608 617 629 695 708 728 730 829 835
844 2 19 23 27 74 81 127 150 156 184 270 285 286 296 313 396 438 457 463 489 534 536 580 587 620 636 670 693 717 737 803 827 841
845 3 64 66 79 80 117 119 122 155 167 173 229 230 251 279 291 292 344 405 498 567 632 642 643 703 704 716 840
846 1 5 14 63 68 85 86 193 195 226 254 257 282 317 350 429 480 511 518 520 521 547 553 554 571 572 610 665 667 707 733 734 735 754 761 772 826 867
847 125 130 131 204 293 381 467 469 539 828
848 72 73 96 178 210 222 228 248 277 297 298 318 319 342 378 476 479 527 533 537 540 552 574 623 638 654 687 698 700 768 770
849 25 129 130 132 140 326 331 332 333 348 395 406 607 613 619 625 774 859 861
850 53 67 90 162 215 223 225 231 266 281 325 336 402 470 477 486 512 560 563 646 648 719 853 858
851 30 42 44 108 118 235 265 361 379 441 471 473 481 483 517 519 523 532 545 581 666 668 775 802
852 45 109 110 116 137 139 196 213 273 276 290 353 474 516 558 627 684 724 726 729 732 744 746 785 806
853 11 53 67 90 162 215 223 225 256 281 336 430 477 486 497 512 560 563 652 719 783 850 858
854 9 71 84 87 113 142 201 321 440 526 544 568 723 809 842 857
855 2 74 81 161 166 184 236 270 296 351 438 484 490 587 614 620 670 675 738 739 763 769 827 856
856 2 74 81 161 166 184 236 240 270 296 351 438 490 587 614 620 670 675 738 763 769 827 855
857 9 71 87 111 113 142 201 321 440 460 526 544 568 723 809 842 854
858 8 11 53 90 104 162 186 223 237 256 260 281 336 428 430 477 486 497 550 560 563 652 719 789 850 853
859 125 129 130 131 132 331 333 348 515 607 621 625 774 849 861
860 192 208 209 242 245 352 423 424 487 494 514 526 582 584 615 672 676 680 755 757 762 786 787
861 125 129 130 131 132 331 332 333 348 515 607 621 625 774 849 859
862 9 14 31 36 38 88 92 111 113 216 217 244 278 370 425 456 485 511 518 559 568 644 645 663 702 777 781 784
863 20 46 47 48 49 82 98 138 146 171 191 308 408 409 418 419 433 435 491 495 504 522 549 649 683 743 745 782 797 866
864 24 70 109 137 139 366 474 516 538 557 558 624 673 674 684 720 726 771 785 806
865 33 34 124 177 207 226 285 286 313 343 350 457 463 500 502 506 534 536 547 605 636 693 696 707 711 752 764 796 867 869
866 47 48 49 82 98 134 138 146 171 191 233 418 419 433 435 491 493 495 504 522 549 649 683 699 743 745 782 863
867 1 63 68 226 254 257 343 350 429 480 521 547 571 572 605 610 665 667 707 711 734 735 754 761 846 865 869
868 158 160 200 214 266 271 275 339 346 362 416 528 529 566 631 635 646 648 650 728 730 731 742 799 800
869 34 68 124 207 226 254 285 313 343 350 457 500 506 534 536 547 572 605 693 696 707 711 752 761 796 811 813 820 821 865 867
870 3 50 79 80 119 122 144 173 189 208 209 234 279 309 344 448 449 499 598 716 755 757 792 798
