2 620
24 720
29 611
31 36
32 618
35 37 541
36 31 38
37 35 641
38 36
46 47
47 46 48
48 47 49
49 48
55 56
56 55
58 599
59 61 535
61 59
63 610
71 87
74 587
78 546 647
82 549
85 86 553
86 85 554
87 71
89 91
91 89
95 595
96 540
98 419
100 575
106 114
114 106
119 122
120 121
121 120
122 119
126 603
129 132
132 129
133 135
134 138
135 133
138 134
141 143
143 141
144 449
150 156 737
152 161
155 704
156 150
158 160
160 158 200
161 152
162 853
168 170
169 172
170 168
172 169 831
183 712
184 670
193 195
195 193
196 729
200 160
204 381
210 222
211 212
212 211
216 217
217 216
219 220
220 219 548
222 210 768
223 225
225 223
226 547
229 230
230 229
233 699
239 241
241 239
243 692
248 533
249 252
252 249 253
253 252
265 545
270 739
273 276
274 747
276 273
280 284
282 554
284 280
285 534
288 564
294 295
295 294
299 843
300 302
302 300
303 304
304 303 312
312 304
318 319
319 318
327 825
330 335
332 333
333 332
335 330
350 867
359 360 804
360 359
369 372
370 784
372 369
376 377
377 376
381 204
382 816
383 678
385 685
388 403 656
390 392
391 393
392 390
393 391
403 388
408 409
409 408
419 98
423 424
424 423
427 434
434 427
442 443
443 442
448 449
449 144 448
451 453
452 454
453 451
454 452
458 459
459 458
466 468
468 466
471 473
473 471
496 794
516 785
528 529
529 528
533 248 537
534 285
535 59
537 533
540 96 574
541 35
542 543
543 542
545 265
546 78
547 226
548 220
549 82
553 85 554
554 86 282 553
556 559
559 556
564 288
574 540
575 100
577 578
578 577 585
585 578 586
586 585
587 74
588 589
589 588
595 95
596 597
597 596
599 58 602
600 606
601 603
602 599
603 126 601
606 600
607 625
610 63
611 29
618 32
620 2
625 607
641 37
642 643
643 642
647 78
648 650
650 648
656 388
670 184
671 682
673 674
674 673
678 383
682 671
685 385 686
686 685
692 243
699 233
703 704
704 155 703
705 706
706 705
711 869
712 183
720 24
729 196
734 735
735 734
737 150
739 270
743 745
744 746
745 743
746 744
747 274
748 749
749 748 750
750 749
755 757
757 755
758 759
759 758 767
767 759
768 222
776 779
778 780
779 776
780 778
784 370
785 516
793 794
794 496 793 795
795 794
801 805
804 359
805 801
811 813
813 811 820
814 815
815 814
816 382
820 813 821
821 820
825 327
831 172
843 299
853 162
855 856
856 855
859 861
861 859
867 350
869 711
