1 5
2 620
3 119 716
5 1
6 575 588
8 104 186
10 13
12 565
13 10
14 193 772
16 194 629
17 123
18 128 202 715
19 23 717
21 51 750
23 19 127
24 720
25 140 613
26 718
29 611
31 36 38
32 51 618 748
33 764
35 37 541 641
36 31 38
37 35 541 641
38 31 36
41 513
42 44 532
43 548
44 42
46 47 48
47 46 48 49 549
48 46 47 49
49 47 48 415
51 21 32 750
52 58 240 602
54 422 630 633
55 56
56 55
57 608
58 52 599 602 810
59 61 535
61 59 535
62 758
63 610
65 609
68 254 761
71 87
72 73 96 574
73 72
74 587
75 645
76 141
78 546 647
79 80
80 79
82 549 649
85 86 553 554
86 85 282 553 554
87 71
89 91
91 89
92 663
93 591
94 594
95 595
96 72 540 574
97 455 617
98 419
99 677
100 575
101 622
102 681
104 8
105 190
106 114
108 668
112 114
114 106 112
116 196
117 119
119 3 117 122
120 121 629
121 120 604
122 119
123 17
126 601 603
127 23
128 18
129 132
132 129 607
133 135 611
134 138
135 133
137 684
138 134 683
139 558
140 25 613
141 76 143
143 141
144 448 449 598
147 202 715
148 153
150 156 737
151 359
152 161
153 148
155 703 704
156 150 396 737
157 164 393
158 160 200 271 742
159 330 741
160 158 200
161 152 166
162 853
164 157
166 161
168 170
169 172 831
170 168 815
171 866
172 169 831
174 384
175 176
176 175 818
181 391
182 349 834
183 712
184 670
186 8 188
187 212
188 186
190 105
193 14 195 772
194 16
195 193
196 116 729
197 656
198 752
200 158 160 868
201 842
202 18 147 715
204 381
209 755
210 222 768
211 212
212 187 211
214 731
215 225
216 217
217 216
219 220 548
220 219 548
221 224
222 210 768
223 225 682
224 221
225 215 223 382
226 547 707
227 248 537
228 664 770
229 230
230 229 643
233 699
235 238 262 688
236 769
237 260
238 235 262 688
239 241
240 52 659
241 239
242 245
243 550 692
245 242
247 250
248 227 533 537
249 252 253
250 247 766
252 249 253 397
253 249 252 685
254 68 761
257 665 667
260 237
262 235 238 688
263 264 355
264 263
265 545
267 546
268 269
269 268
270 587 739
271 158 742
272 551
273 276 724
274 592 747
276 273 732
280 284
282 86 553 554
284 280
285 286 534 693
286 285
288 564
289 695
292 703
294 295
295 294 436 831
296 438
298 848
299 843
300 302 443
302 300 442
303 304 312
304 303 312
305 337
307 823
309 819
312 303 304 451
313 457
316 461
318 319
319 318
320 840
322 466 838
327 775 825
328 478 839
330 159 335
331 849
332 333
333 332
335 330
336 486
337 305
339 346
341 776
346 339
349 182 834
350 867
355 263
356 503
359 151 360 804
360 359 804
363 371
365 805
366 864
369 372
370 784 862
371 363
372 369
376 377 817
377 376
380 708 843
381 204
382 225 816
383 678
384 174
385 397 685 686
386 689
388 403 656
389 811
390 392
391 181 393
392 390
393 157 391
396 156
397 252 385 399
398 400
399 397
400 398
403 388 656
405 498 567
408 409 504
409 408
410 626
411 481
415 49
418 419
419 98 418
422 54 630 633
423 424
424 423 514
427 434
428 503
433 435
434 427
435 433
436 295
438 296
442 302 443
443 300 442
447 612
448 144 449
449 144 448
451 312 453 455
452 454
453 451
454 452
455 97 451
457 313
458 459 543
459 458 542
461 316
462 464
463 636
464 462
466 322 468
467 469
468 466 618
469 467
471 473
472 628
473 471
474 516
476 791
478 328
481 411
484 606
486 336
494 786
496 793 794 795
498 405
499 792
500 506 796
503 356 428
504 408
506 500
507 509
509 507
511 518 777
513 41
514 424
516 474 785
518 511 520
520 518 521 788 815
521 520 788
523 581
526 544
527 552 687
528 529 631
529 528
532 42
533 248 537
534 285 536
535 59 61
536 534
537 227 248 533
540 96 574 698
541 35 37
542 459 543
543 458 542
544 526
545 265
546 78 267 647
547 226
548 43 219 220
549 47 82
550 243
551 272
552 527
553 85 86 282 554
554 85 86 282 553
556 559
558 139
559 556
561 562
562 561
564 288
565 12
566 617 730
567 405
570 790
574 72 96 540
575 6 100 588
577 578 585
578 577 585 586
581 523
585 577 578 586
586 578 585 590
587 74 270
588 6 575 589
589 588
590 586
591 93
592 274
594 94
595 95
596 597
597 596 604
598 144
599 58 602
600 606
601 126 603
602 52 58 599
603 126 601
604 121 597
606 484 600
607 132 625
608 57
609 65
610 63
611 29 133
612 447
613 25 140
616 619
617 97 566
618 32 468
619 616 765
620 2
622 101
625 607
626 410
628 472
629 16 120
630 54 422 633
631 528
633 54 422 630
636 463
641 35 37
642 643
643 230 642
645 75
646 648
647 78 546
648 646 650
649 82
650 648
656 197 388 403
659 240
663 92
664 228
665 257 667
666 668 851
667 257 665
668 108 666
670 184 827
671 682
673 674
674 673
675 763
676 680 762
677 99
678 383
680 676
681 102
682 223 671
683 138
684 137
685 253 385 686
686 385 685
687 527
688 235 238 262
689 386
691 695
692 243
693 285 696
695 289 691
696 693
698 540 700
699 233
700 698
703 155 292 704
704 155 703
705 706
706 705
707 226 711
708 380
711 707 869
712 183
715 18 147 202
716 3
717 19
718 26
720 24
722 727
724 273
727 722
728 731
729 196
730 566
731 214 728
732 276
734 735
735 734
737 150 156
739 270
741 159
742 158 271
743 745
744 746
745 743
746 744
747 274
748 32 749 750
749 748 750
750 21 51 748 749
752 198
754 772
755 209 757
757 755
758 62 759 767
759 758 767
761 68 254
762 676
763 675
764 33
765 619
766 250
767 758 759
768 210 222
769 236
770 228
772 14 193 754
775 327
776 341 779
777 511
778 780
779 776
780 778
784 370
785 516
786 494
788 520 521 815
790 570
791 476
792 499
793 496 794 795
794 496 793 795
795 496 793 794
796 500
801 805
804 359 360
805 365 801
810 58
811 389 813 820
813 811 820 821
814 815
815 170 520 788 814
816 382
817 376
818 176
819 309
820 811 813 821
821 813 820
823 307
825 327
827 670
829 835
831 169 172 295
834 182 349
835 829
838 322
839 328
840 320
842 201
843 299 380
848 298
849 331
851 666
853 162
854 857
855 856
856 855
857 854
859 861
861 859
862 370
864 366
866 171
867 350
868 200
869 711
