5339367431 
5339368324 
5339464611 
5339368324 5339460423 5339367431 5339463631 5339463633 5339461344 5339460514 5339464611 5339460524 5339460532 5339460341 5339463542 5339463541 5339461433 
5339462531 5339368323 5339460613 5339461512 5339368341 5339368342 5339368343 5339368344 5339460514 5339460523 5339369644 5339460524 5339461433 5339460412 5339460413 5339460414 5339460541 5339463613 5339367613 5339461443 5339462342 5339460423 5339460424 5339463631 5339367631 5339463633 5339463511 5339369434 5339462631 5339460334 5339462643 5339462644 5339460341 5339460342 5339460343 5339463544 5339463542 
5339462531 5339460613 5339368341 5339368342 5339368344 5339460514 5339460523 5339369644 5339460412 5339463613 5339460414 5339461443 5339462342 5339460423 5339460424 5339463631 5339463633 5339463511 5339462631 5339460334 5339462643 5339460341 5339463542 5339460343 5339463544 
5339462531 5339368323 5339461512 5339368341 5339368342 5339368343 5339368344 5339460514 5339460523 5339369644 5339460412 5339367613 5339460541 5339463613 5339460413 5339460414 5339461443 5339462342 5339460423 5339460424 5339463631 5339367631 5339463633 5339463511 5339369434 5339462631 5339460334 5339462643 5339462644 5339460341 5339460342 5339460343 5339463544 
5339462531 5339368323 5339460613 5339368341 5339368342 5339368343 5339368344 5339460514 5339460523 5339369644 5339460412 5339463613 5339367613 5339460413 5339460414 5339461443 5339462342 5339460423 5339460424 5339463631 5339367631 5339463633 5339463511 5339369434 5339462631 5339460334 5339460341 5339460343 5339463544 
5339460514 5339460423 5339463631 5339367631 5339460341 5339367613 
5339367613 5339367631 5339460341 5339463631 
5339460423 5339463631 5339463633 5339368341 5339369434 5339460514 5339462631 5339369644 5339460341 5339460412 
