5339367431	1	POLYGON((139.8 35.645833333333336, 139.8 35.64791666666667, 139.80312500000002 35.64791666666667, 139.80312500000002 35.645833333333336, 139.8 35.645833333333336))
5339368324	2	POLYGON((139.796875 35.65208333333333, 139.796875 35.65416666666666, 139.8 35.65416666666666, 139.8 35.65208333333333, 139.796875 35.65208333333333))
5339464611	3	POLYGON((139.825 35.7, 139.825 35.702083333333334, 139.828125 35.702083333333334, 139.828125 35.7, 139.825 35.7))
5339368324	4	POLYGON((139.796875 35.65208333333333, 139.796875 35.65416666666666, 139.8 35.65416666666666, 139.8 35.65208333333333, 139.796875 35.65208333333333))
5339460423	4	POLYGON((139.80625 35.66875, 139.80625 35.670833333333334, 139.80937500000002 35.670833333333334, 139.80937500000002 35.66875, 139.80625 35.66875))
5339367431	4	POLYGON((139.8 35.645833333333336, 139.8 35.64791666666667, 139.80312500000002 35.64791666666667, 139.80312500000002 35.645833333333336, 139.8 35.645833333333336))
5339463631	4	POLYGON((139.825 35.69583333333333, 139.825 35.697916666666664, 139.828125 35.697916666666664, 139.828125 35.69583333333333, 139.825 35.69583333333333))
5339463633	4	POLYGON((139.825 35.697916666666664, 139.825 35.699999999999996, 139.828125 35.699999999999996, 139.828125 35.697916666666664, 139.825 35.697916666666664))
5339461344	4	POLYGON((139.796875 35.68125, 139.796875 35.68333333333333, 139.8 35.68333333333333, 139.8 35.68125, 139.796875 35.68125))
5339460514	4	POLYGON((139.815625 35.66875, 139.815625 35.670833333333334, 139.81875000000002 35.670833333333334, 139.81875000000002 35.66875, 139.815625 35.66875))
5339464611	4	POLYGON((139.825 35.7, 139.825 35.702083333333334, 139.828125 35.702083333333334, 139.828125 35.7, 139.825 35.7))
5339460524	4	POLYGON((139.821875 35.66875, 139.821875 35.670833333333334, 139.82500000000002 35.670833333333334, 139.82500000000002 35.66875, 139.821875 35.66875))
5339460532	4	POLYGON((139.815625 35.670833333333334, 139.815625 35.672916666666666, 139.81875000000002 35.672916666666666, 139.81875000000002 35.670833333333334, 139.815625 35.670833333333334))
5339460341	4	POLYGON((139.79375 35.670833333333334, 139.79375 35.672916666666666, 139.796875 35.672916666666666, 139.796875 35.670833333333334, 139.79375 35.670833333333334))
5339463542	4	POLYGON((139.821875 35.69583333333333, 139.821875 35.697916666666664, 139.82500000000002 35.697916666666664, 139.82500000000002 35.69583333333333, 139.821875 35.69583333333333))
5339463541	4	POLYGON((139.81875 35.69583333333333, 139.81875 35.697916666666664, 139.821875 35.697916666666664, 139.821875 35.69583333333333, 139.81875 35.69583333333333))
5339461433	4	POLYGON((139.8 35.68125, 139.8 35.68333333333333, 139.80312500000002 35.68333333333333, 139.80312500000002 35.68125, 139.8 35.68125))
5339462531	5	POLYGON((139.8125 35.6875, 139.8125 35.68958333333333, 139.815625 35.68958333333333, 139.815625 35.6875, 139.8125 35.6875))
5339368323	5	POLYGON((139.79375 35.65208333333333, 139.79375 35.65416666666666, 139.796875 35.65416666666666, 139.796875 35.65208333333333, 139.79375 35.65208333333333))
5339460613	5	POLYGON((139.825 35.66875, 139.825 35.670833333333334, 139.828125 35.670833333333334, 139.828125 35.66875, 139.825 35.66875))
5339461512	5	POLYGON((139.815625 35.675, 139.815625 35.67708333333333, 139.81875000000002 35.67708333333333, 139.81875000000002 35.675, 139.815625 35.675))
5339368341	5	POLYGON((139.79375 35.65416666666667, 139.79375 35.65625, 139.796875 35.65625, 139.796875 35.65416666666667, 139.79375 35.65416666666667))
5339368342	5	POLYGON((139.796875 35.65416666666667, 139.796875 35.65625, 139.8 35.65625, 139.8 35.65416666666667, 139.796875 35.65416666666667))
5339368343	5	POLYGON((139.79375 35.65625, 139.79375 35.65833333333333, 139.796875 35.65833333333333, 139.796875 35.65625, 139.79375 35.65625))
5339368344	5	POLYGON((139.796875 35.65625, 139.796875 35.65833333333333, 139.8 35.65833333333333, 139.8 35.65625, 139.796875 35.65625))
5339460514	5	POLYGON((139.815625 35.66875, 139.815625 35.670833333333334, 139.81875000000002 35.670833333333334, 139.81875000000002 35.66875, 139.815625 35.66875))
5339460523	5	POLYGON((139.81875 35.66875, 139.81875 35.670833333333334, 139.821875 35.670833333333334, 139.821875 35.66875, 139.81875 35.66875))
5339369644	5	POLYGON((139.834375 35.66458333333333, 139.834375 35.666666666666664, 139.8375 35.666666666666664, 139.8375 35.66458333333333, 139.834375 35.66458333333333))
5339460524	5	POLYGON((139.821875 35.66875, 139.821875 35.670833333333334, 139.82500000000002 35.670833333333334, 139.82500000000002 35.66875, 139.821875 35.66875))
5339461433	5	POLYGON((139.8 35.68125, 139.8 35.68333333333333, 139.80312500000002 35.68333333333333, 139.80312500000002 35.68125, 139.8 35.68125))
5339460412	5	POLYGON((139.803125 35.666666666666664, 139.803125 35.668749999999996, 139.80625 35.668749999999996, 139.80625 35.666666666666664, 139.803125 35.666666666666664))
5339460413	5	POLYGON((139.8 35.66875, 139.8 35.670833333333334, 139.80312500000002 35.670833333333334, 139.80312500000002 35.66875, 139.8 35.66875))
5339460414	5	POLYGON((139.803125 35.66875, 139.803125 35.670833333333334, 139.80625 35.670833333333334, 139.80625 35.66875, 139.803125 35.66875))
5339460541	5	POLYGON((139.81875 35.670833333333334, 139.81875 35.672916666666666, 139.821875 35.672916666666666, 139.821875 35.670833333333334, 139.81875 35.670833333333334))
5339463613	5	POLYGON((139.825 35.69375, 139.825 35.69583333333333, 139.828125 35.69583333333333, 139.828125 35.69375, 139.825 35.69375))
5339367613	5	POLYGON((139.825 35.64375, 139.825 35.64583333333333, 139.828125 35.64583333333333, 139.828125 35.64375, 139.825 35.64375))
5339461443	5	POLYGON((139.80625 35.68125, 139.80625 35.68333333333333, 139.80937500000002 35.68333333333333, 139.80937500000002 35.68125, 139.80625 35.68125))
5339462342	5	POLYGON((139.796875 35.6875, 139.796875 35.68958333333333, 139.8 35.68958333333333, 139.8 35.6875, 139.796875 35.6875))
5339460423	5	POLYGON((139.80625 35.66875, 139.80625 35.670833333333334, 139.80937500000002 35.670833333333334, 139.80937500000002 35.66875, 139.80625 35.66875))
5339460424	5	POLYGON((139.809375 35.66875, 139.809375 35.670833333333334, 139.8125 35.670833333333334, 139.8125 35.66875, 139.809375 35.66875))
5339463631	5	POLYGON((139.825 35.69583333333333, 139.825 35.697916666666664, 139.828125 35.697916666666664, 139.828125 35.69583333333333, 139.825 35.69583333333333))
5339367631	5	POLYGON((139.825 35.645833333333336, 139.825 35.64791666666667, 139.828125 35.64791666666667, 139.828125 35.645833333333336, 139.825 35.645833333333336))
5339463633	5	POLYGON((139.825 35.697916666666664, 139.825 35.699999999999996, 139.828125 35.699999999999996, 139.828125 35.697916666666664, 139.825 35.697916666666664))
5339463511	5	POLYGON((139.8125 35.69166666666667, 139.8125 35.69375, 139.815625 35.69375, 139.815625 35.69166666666667, 139.8125 35.69166666666667))
5339369434	5	POLYGON((139.803125 35.66458333333333, 139.803125 35.666666666666664, 139.80625 35.666666666666664, 139.80625 35.66458333333333, 139.803125 35.66458333333333))
5339462631	5	POLYGON((139.825 35.6875, 139.825 35.68958333333333, 139.828125 35.68958333333333, 139.828125 35.6875, 139.825 35.6875))
5339460334	5	POLYGON((139.790625 35.672916666666666, 139.790625 35.675, 139.79375000000002 35.675, 139.79375000000002 35.672916666666666, 139.790625 35.672916666666666))
5339462643	5	POLYGON((139.83125 35.68958333333333, 139.83125 35.69166666666666, 139.83437500000002 35.69166666666666, 139.83437500000002 35.68958333333333, 139.83125 35.68958333333333))
5339462644	5	POLYGON((139.834375 35.68958333333333, 139.834375 35.69166666666666, 139.8375 35.69166666666666, 139.8375 35.68958333333333, 139.834375 35.68958333333333))
5339460341	5	POLYGON((139.79375 35.670833333333334, 139.79375 35.672916666666666, 139.796875 35.672916666666666, 139.796875 35.670833333333334, 139.79375 35.670833333333334))
5339460342	5	POLYGON((139.796875 35.670833333333334, 139.796875 35.672916666666666, 139.8 35.672916666666666, 139.8 35.670833333333334, 139.796875 35.670833333333334))
5339460343	5	POLYGON((139.79375 35.672916666666666, 139.79375 35.675, 139.796875 35.675, 139.796875 35.672916666666666, 139.79375 35.672916666666666))
5339463544	5	POLYGON((139.821875 35.697916666666664, 139.821875 35.699999999999996, 139.82500000000002 35.699999999999996, 139.82500000000002 35.697916666666664, 139.821875 35.697916666666664))
5339463542	5	POLYGON((139.821875 35.69583333333333, 139.821875 35.697916666666664, 139.82500000000002 35.697916666666664, 139.82500000000002 35.69583333333333, 139.821875 35.69583333333333))
5339462531	6	POLYGON((139.8125 35.6875, 139.8125 35.68958333333333, 139.815625 35.68958333333333, 139.815625 35.6875, 139.8125 35.6875))
5339460613	6	POLYGON((139.825 35.66875, 139.825 35.670833333333334, 139.828125 35.670833333333334, 139.828125 35.66875, 139.825 35.66875))
5339368341	6	POLYGON((139.79375 35.65416666666667, 139.79375 35.65625, 139.796875 35.65625, 139.796875 35.65416666666667, 139.79375 35.65416666666667))
5339368342	6	POLYGON((139.796875 35.65416666666667, 139.796875 35.65625, 139.8 35.65625, 139.8 35.65416666666667, 139.796875 35.65416666666667))
5339368344	6	POLYGON((139.796875 35.65625, 139.796875 35.65833333333333, 139.8 35.65833333333333, 139.8 35.65625, 139.796875 35.65625))
5339460514	6	POLYGON((139.815625 35.66875, 139.815625 35.670833333333334, 139.81875000000002 35.670833333333334, 139.81875000000002 35.66875, 139.815625 35.66875))
5339460523	6	POLYGON((139.81875 35.66875, 139.81875 35.670833333333334, 139.821875 35.670833333333334, 139.821875 35.66875, 139.81875 35.66875))
5339369644	6	POLYGON((139.834375 35.66458333333333, 139.834375 35.666666666666664, 139.8375 35.666666666666664, 139.8375 35.66458333333333, 139.834375 35.66458333333333))
5339460412	6	POLYGON((139.803125 35.666666666666664, 139.803125 35.668749999999996, 139.80625 35.668749999999996, 139.80625 35.666666666666664, 139.803125 35.666666666666664))
5339463613	6	POLYGON((139.825 35.69375, 139.825 35.69583333333333, 139.828125 35.69583333333333, 139.828125 35.69375, 139.825 35.69375))
5339460414	6	POLYGON((139.803125 35.66875, 139.803125 35.670833333333334, 139.80625 35.670833333333334, 139.80625 35.66875, 139.803125 35.66875))
5339461443	6	POLYGON((139.80625 35.68125, 139.80625 35.68333333333333, 139.80937500000002 35.68333333333333, 139.80937500000002 35.68125, 139.80625 35.68125))
5339462342	6	POLYGON((139.796875 35.6875, 139.796875 35.68958333333333, 139.8 35.68958333333333, 139.8 35.6875, 139.796875 35.6875))
5339460423	6	POLYGON((139.80625 35.66875, 139.80625 35.670833333333334, 139.80937500000002 35.670833333333334, 139.80937500000002 35.66875, 139.80625 35.66875))
5339460424	6	POLYGON((139.809375 35.66875, 139.809375 35.670833333333334, 139.8125 35.670833333333334, 139.8125 35.66875, 139.809375 35.66875))
5339463631	6	POLYGON((139.825 35.69583333333333, 139.825 35.697916666666664, 139.828125 35.697916666666664, 139.828125 35.69583333333333, 139.825 35.69583333333333))
5339463633	6	POLYGON((139.825 35.697916666666664, 139.825 35.699999999999996, 139.828125 35.699999999999996, 139.828125 35.697916666666664, 139.825 35.697916666666664))
5339463511	6	POLYGON((139.8125 35.69166666666667, 139.8125 35.69375, 139.815625 35.69375, 139.815625 35.69166666666667, 139.8125 35.69166666666667))
5339462631	6	POLYGON((139.825 35.6875, 139.825 35.68958333333333, 139.828125 35.68958333333333, 139.828125 35.6875, 139.825 35.6875))
5339460334	6	POLYGON((139.790625 35.672916666666666, 139.790625 35.675, 139.79375000000002 35.675, 139.79375000000002 35.672916666666666, 139.790625 35.672916666666666))
5339462643	6	POLYGON((139.83125 35.68958333333333, 139.83125 35.69166666666666, 139.83437500000002 35.69166666666666, 139.83437500000002 35.68958333333333, 139.83125 35.68958333333333))
5339460341	6	POLYGON((139.79375 35.670833333333334, 139.79375 35.672916666666666, 139.796875 35.672916666666666, 139.796875 35.670833333333334, 139.79375 35.670833333333334))
5339463542	6	POLYGON((139.821875 35.69583333333333, 139.821875 35.697916666666664, 139.82500000000002 35.697916666666664, 139.82500000000002 35.69583333333333, 139.821875 35.69583333333333))
5339460343	6	POLYGON((139.79375 35.672916666666666, 139.79375 35.675, 139.796875 35.675, 139.796875 35.672916666666666, 139.79375 35.672916666666666))
5339463544	6	POLYGON((139.821875 35.697916666666664, 139.821875 35.699999999999996, 139.82500000000002 35.699999999999996, 139.82500000000002 35.697916666666664, 139.821875 35.697916666666664))
5339462531	7	POLYGON((139.8125 35.6875, 139.8125 35.68958333333333, 139.815625 35.68958333333333, 139.815625 35.6875, 139.8125 35.6875))
5339368323	7	POLYGON((139.79375 35.65208333333333, 139.79375 35.65416666666666, 139.796875 35.65416666666666, 139.796875 35.65208333333333, 139.79375 35.65208333333333))
5339461512	7	POLYGON((139.815625 35.675, 139.815625 35.67708333333333, 139.81875000000002 35.67708333333333, 139.81875000000002 35.675, 139.815625 35.675))
5339368341	7	POLYGON((139.79375 35.65416666666667, 139.79375 35.65625, 139.796875 35.65625, 139.796875 35.65416666666667, 139.79375 35.65416666666667))
5339368342	7	POLYGON((139.796875 35.65416666666667, 139.796875 35.65625, 139.8 35.65625, 139.8 35.65416666666667, 139.796875 35.65416666666667))
5339368343	7	POLYGON((139.79375 35.65625, 139.79375 35.65833333333333, 139.796875 35.65833333333333, 139.796875 35.65625, 139.79375 35.65625))
5339368344	7	POLYGON((139.796875 35.65625, 139.796875 35.65833333333333, 139.8 35.65833333333333, 139.8 35.65625, 139.796875 35.65625))
5339460514	7	POLYGON((139.815625 35.66875, 139.815625 35.670833333333334, 139.81875000000002 35.670833333333334, 139.81875000000002 35.66875, 139.815625 35.66875))
5339460523	7	POLYGON((139.81875 35.66875, 139.81875 35.670833333333334, 139.821875 35.670833333333334, 139.821875 35.66875, 139.81875 35.66875))
5339369644	7	POLYGON((139.834375 35.66458333333333, 139.834375 35.666666666666664, 139.8375 35.666666666666664, 139.8375 35.66458333333333, 139.834375 35.66458333333333))
5339460412	7	POLYGON((139.803125 35.666666666666664, 139.803125 35.668749999999996, 139.80625 35.668749999999996, 139.80625 35.666666666666664, 139.803125 35.666666666666664))
5339367613	7	POLYGON((139.825 35.64375, 139.825 35.64583333333333, 139.828125 35.64583333333333, 139.828125 35.64375, 139.825 35.64375))
5339460541	7	POLYGON((139.81875 35.670833333333334, 139.81875 35.672916666666666, 139.821875 35.672916666666666, 139.821875 35.670833333333334, 139.81875 35.670833333333334))
5339463613	7	POLYGON((139.825 35.69375, 139.825 35.69583333333333, 139.828125 35.69583333333333, 139.828125 35.69375, 139.825 35.69375))
5339460413	7	POLYGON((139.8 35.66875, 139.8 35.670833333333334, 139.80312500000002 35.670833333333334, 139.80312500000002 35.66875, 139.8 35.66875))
5339460414	7	POLYGON((139.803125 35.66875, 139.803125 35.670833333333334, 139.80625 35.670833333333334, 139.80625 35.66875, 139.803125 35.66875))
5339461443	7	POLYGON((139.80625 35.68125, 139.80625 35.68333333333333, 139.80937500000002 35.68333333333333, 139.80937500000002 35.68125, 139.80625 35.68125))
5339462342	7	POLYGON((139.796875 35.6875, 139.796875 35.68958333333333, 139.8 35.68958333333333, 139.8 35.6875, 139.796875 35.6875))
5339460423	7	POLYGON((139.80625 35.66875, 139.80625 35.670833333333334, 139.80937500000002 35.670833333333334, 139.80937500000002 35.66875, 139.80625 35.66875))
5339460424	7	POLYGON((139.809375 35.66875, 139.809375 35.670833333333334, 139.8125 35.670833333333334, 139.8125 35.66875, 139.809375 35.66875))
5339463631	7	POLYGON((139.825 35.69583333333333, 139.825 35.697916666666664, 139.828125 35.697916666666664, 139.828125 35.69583333333333, 139.825 35.69583333333333))
5339367631	7	POLYGON((139.825 35.645833333333336, 139.825 35.64791666666667, 139.828125 35.64791666666667, 139.828125 35.645833333333336, 139.825 35.645833333333336))
5339463633	7	POLYGON((139.825 35.697916666666664, 139.825 35.699999999999996, 139.828125 35.699999999999996, 139.828125 35.697916666666664, 139.825 35.697916666666664))
5339463511	7	POLYGON((139.8125 35.69166666666667, 139.8125 35.69375, 139.815625 35.69375, 139.815625 35.69166666666667, 139.8125 35.69166666666667))
5339369434	7	POLYGON((139.803125 35.66458333333333, 139.803125 35.666666666666664, 139.80625 35.666666666666664, 139.80625 35.66458333333333, 139.803125 35.66458333333333))
5339462631	7	POLYGON((139.825 35.6875, 139.825 35.68958333333333, 139.828125 35.68958333333333, 139.828125 35.6875, 139.825 35.6875))
5339460334	7	POLYGON((139.790625 35.672916666666666, 139.790625 35.675, 139.79375000000002 35.675, 139.79375000000002 35.672916666666666, 139.790625 35.672916666666666))
5339462643	7	POLYGON((139.83125 35.68958333333333, 139.83125 35.69166666666666, 139.83437500000002 35.69166666666666, 139.83437500000002 35.68958333333333, 139.83125 35.68958333333333))
5339462644	7	POLYGON((139.834375 35.68958333333333, 139.834375 35.69166666666666, 139.8375 35.69166666666666, 139.8375 35.68958333333333, 139.834375 35.68958333333333))
5339460341	7	POLYGON((139.79375 35.670833333333334, 139.79375 35.672916666666666, 139.796875 35.672916666666666, 139.796875 35.670833333333334, 139.79375 35.670833333333334))
5339460342	7	POLYGON((139.796875 35.670833333333334, 139.796875 35.672916666666666, 139.8 35.672916666666666, 139.8 35.670833333333334, 139.796875 35.670833333333334))
5339460343	7	POLYGON((139.79375 35.672916666666666, 139.79375 35.675, 139.796875 35.675, 139.796875 35.672916666666666, 139.79375 35.672916666666666))
5339463544	7	POLYGON((139.821875 35.697916666666664, 139.821875 35.699999999999996, 139.82500000000002 35.699999999999996, 139.82500000000002 35.697916666666664, 139.821875 35.697916666666664))
5339462531	8	POLYGON((139.8125 35.6875, 139.8125 35.68958333333333, 139.815625 35.68958333333333, 139.815625 35.6875, 139.8125 35.6875))
5339368323	8	POLYGON((139.79375 35.65208333333333, 139.79375 35.65416666666666, 139.796875 35.65416666666666, 139.796875 35.65208333333333, 139.79375 35.65208333333333))
5339460613	8	POLYGON((139.825 35.66875, 139.825 35.670833333333334, 139.828125 35.670833333333334, 139.828125 35.66875, 139.825 35.66875))
5339368341	8	POLYGON((139.79375 35.65416666666667, 139.79375 35.65625, 139.796875 35.65625, 139.796875 35.65416666666667, 139.79375 35.65416666666667))
5339368342	8	POLYGON((139.796875 35.65416666666667, 139.796875 35.65625, 139.8 35.65625, 139.8 35.65416666666667, 139.796875 35.65416666666667))
5339368343	8	POLYGON((139.79375 35.65625, 139.79375 35.65833333333333, 139.796875 35.65833333333333, 139.796875 35.65625, 139.79375 35.65625))
5339368344	8	POLYGON((139.796875 35.65625, 139.796875 35.65833333333333, 139.8 35.65833333333333, 139.8 35.65625, 139.796875 35.65625))
5339460514	8	POLYGON((139.815625 35.66875, 139.815625 35.670833333333334, 139.81875000000002 35.670833333333334, 139.81875000000002 35.66875, 139.815625 35.66875))
5339460523	8	POLYGON((139.81875 35.66875, 139.81875 35.670833333333334, 139.821875 35.670833333333334, 139.821875 35.66875, 139.81875 35.66875))
5339369644	8	POLYGON((139.834375 35.66458333333333, 139.834375 35.666666666666664, 139.8375 35.666666666666664, 139.8375 35.66458333333333, 139.834375 35.66458333333333))
5339460412	8	POLYGON((139.803125 35.666666666666664, 139.803125 35.668749999999996, 139.80625 35.668749999999996, 139.80625 35.666666666666664, 139.803125 35.666666666666664))
5339463613	8	POLYGON((139.825 35.69375, 139.825 35.69583333333333, 139.828125 35.69583333333333, 139.828125 35.69375, 139.825 35.69375))
5339367613	8	POLYGON((139.825 35.64375, 139.825 35.64583333333333, 139.828125 35.64583333333333, 139.828125 35.64375, 139.825 35.64375))
5339460413	8	POLYGON((139.8 35.66875, 139.8 35.670833333333334, 139.80312500000002 35.670833333333334, 139.80312500000002 35.66875, 139.8 35.66875))
5339460414	8	POLYGON((139.803125 35.66875, 139.803125 35.670833333333334, 139.80625 35.670833333333334, 139.80625 35.66875, 139.803125 35.66875))
5339461443	8	POLYGON((139.80625 35.68125, 139.80625 35.68333333333333, 139.80937500000002 35.68333333333333, 139.80937500000002 35.68125, 139.80625 35.68125))
5339462342	8	POLYGON((139.796875 35.6875, 139.796875 35.68958333333333, 139.8 35.68958333333333, 139.8 35.6875, 139.796875 35.6875))
5339460423	8	POLYGON((139.80625 35.66875, 139.80625 35.670833333333334, 139.80937500000002 35.670833333333334, 139.80937500000002 35.66875, 139.80625 35.66875))
5339460424	8	POLYGON((139.809375 35.66875, 139.809375 35.670833333333334, 139.8125 35.670833333333334, 139.8125 35.66875, 139.809375 35.66875))
5339463631	8	POLYGON((139.825 35.69583333333333, 139.825 35.697916666666664, 139.828125 35.697916666666664, 139.828125 35.69583333333333, 139.825 35.69583333333333))
5339367631	8	POLYGON((139.825 35.645833333333336, 139.825 35.64791666666667, 139.828125 35.64791666666667, 139.828125 35.645833333333336, 139.825 35.645833333333336))
5339463633	8	POLYGON((139.825 35.697916666666664, 139.825 35.699999999999996, 139.828125 35.699999999999996, 139.828125 35.697916666666664, 139.825 35.697916666666664))
5339463511	8	POLYGON((139.8125 35.69166666666667, 139.8125 35.69375, 139.815625 35.69375, 139.815625 35.69166666666667, 139.8125 35.69166666666667))
5339369434	8	POLYGON((139.803125 35.66458333333333, 139.803125 35.666666666666664, 139.80625 35.666666666666664, 139.80625 35.66458333333333, 139.803125 35.66458333333333))
5339462631	8	POLYGON((139.825 35.6875, 139.825 35.68958333333333, 139.828125 35.68958333333333, 139.828125 35.6875, 139.825 35.6875))
5339460334	8	POLYGON((139.790625 35.672916666666666, 139.790625 35.675, 139.79375000000002 35.675, 139.79375000000002 35.672916666666666, 139.790625 35.672916666666666))
5339460341	8	POLYGON((139.79375 35.670833333333334, 139.79375 35.672916666666666, 139.796875 35.672916666666666, 139.796875 35.670833333333334, 139.79375 35.670833333333334))
5339460343	8	POLYGON((139.79375 35.672916666666666, 139.79375 35.675, 139.796875 35.675, 139.796875 35.672916666666666, 139.79375 35.672916666666666))
5339463544	8	POLYGON((139.821875 35.697916666666664, 139.821875 35.699999999999996, 139.82500000000002 35.699999999999996, 139.82500000000002 35.697916666666664, 139.821875 35.697916666666664))
5339460514	9	POLYGON((139.815625 35.66875, 139.815625 35.670833333333334, 139.81875000000002 35.670833333333334, 139.81875000000002 35.66875, 139.815625 35.66875))
5339460423	9	POLYGON((139.80625 35.66875, 139.80625 35.670833333333334, 139.80937500000002 35.670833333333334, 139.80937500000002 35.66875, 139.80625 35.66875))
5339463631	9	POLYGON((139.825 35.69583333333333, 139.825 35.697916666666664, 139.828125 35.697916666666664, 139.828125 35.69583333333333, 139.825 35.69583333333333))
5339367631	9	POLYGON((139.825 35.645833333333336, 139.825 35.64791666666667, 139.828125 35.64791666666667, 139.828125 35.645833333333336, 139.825 35.645833333333336))
5339460341	9	POLYGON((139.79375 35.670833333333334, 139.79375 35.672916666666666, 139.796875 35.672916666666666, 139.796875 35.670833333333334, 139.79375 35.670833333333334))
5339367613	9	POLYGON((139.825 35.64375, 139.825 35.64583333333333, 139.828125 35.64583333333333, 139.828125 35.64375, 139.825 35.64375))
5339367613	10	POLYGON((139.825 35.64375, 139.825 35.64583333333333, 139.828125 35.64583333333333, 139.828125 35.64375, 139.825 35.64375))
5339367631	10	POLYGON((139.825 35.645833333333336, 139.825 35.64791666666667, 139.828125 35.64791666666667, 139.828125 35.645833333333336, 139.825 35.645833333333336))
5339460341	10	POLYGON((139.79375 35.670833333333334, 139.79375 35.672916666666666, 139.796875 35.672916666666666, 139.796875 35.670833333333334, 139.79375 35.670833333333334))
5339463631	10	POLYGON((139.825 35.69583333333333, 139.825 35.697916666666664, 139.828125 35.697916666666664, 139.828125 35.69583333333333, 139.825 35.69583333333333))
5339460423	11	POLYGON((139.80625 35.66875, 139.80625 35.670833333333334, 139.80937500000002 35.670833333333334, 139.80937500000002 35.66875, 139.80625 35.66875))
5339463631	11	POLYGON((139.825 35.69583333333333, 139.825 35.697916666666664, 139.828125 35.697916666666664, 139.828125 35.69583333333333, 139.825 35.69583333333333))
5339463633	11	POLYGON((139.825 35.697916666666664, 139.825 35.699999999999996, 139.828125 35.699999999999996, 139.828125 35.697916666666664, 139.825 35.697916666666664))
5339368341	11	POLYGON((139.79375 35.65416666666667, 139.79375 35.65625, 139.796875 35.65625, 139.796875 35.65416666666667, 139.79375 35.65416666666667))
5339369434	11	POLYGON((139.803125 35.66458333333333, 139.803125 35.666666666666664, 139.80625 35.666666666666664, 139.80625 35.66458333333333, 139.803125 35.66458333333333))
5339460514	11	POLYGON((139.815625 35.66875, 139.815625 35.670833333333334, 139.81875000000002 35.670833333333334, 139.81875000000002 35.66875, 139.815625 35.66875))
5339462631	11	POLYGON((139.825 35.6875, 139.825 35.68958333333333, 139.828125 35.68958333333333, 139.828125 35.6875, 139.825 35.6875))
5339369644	11	POLYGON((139.834375 35.66458333333333, 139.834375 35.666666666666664, 139.8375 35.666666666666664, 139.8375 35.66458333333333, 139.834375 35.66458333333333))
5339460341	11	POLYGON((139.79375 35.670833333333334, 139.79375 35.672916666666666, 139.796875 35.672916666666666, 139.796875 35.670833333333334, 139.79375 35.670833333333334))
5339460412	11	POLYGON((139.803125 35.666666666666664, 139.803125 35.668749999999996, 139.80625 35.668749999999996, 139.80625 35.666666666666664, 139.803125 35.666666666666664))
